0.9258835
0.88534886
0.096692696
0.056053553
0.048894756
0.07428618
0.06819021
0.09770417
0.085505225
0.076526016
0.056940053
0.056521636
0.07747904
0.06971199
0.04521442
0.039021336
0.03808801
0.047081713
0.09015831
0.9369494
0.95377225
0.965638
0.95053273
0.0681988
0.041874632
0.029878343
0.030806934
0.03291914
0.039373342
0.054251987
0.09478101
0.92949957
0.9388447
0.09805254
0.06626387
0.04451774
0.040090956
0.059359107
0.16147366
0.94461477
0.9562576
0.9551132
0.25302446
0.095169984
0.047534004
0.04207679
0.05778847
0.07520992
0.79078865
0.81150097
0.8116972
0.8446461
0.9204544
0.9239596
0.8634665
0.92310774
0.92855316
0.8623627
0.06257321
0.044173855
0.06058554
0.05685278
0.034736667
0.03369194
0.046216138
0.09305915
0.9314919
0.9456233
0.96097165
0.95671225
0.097910926
0.059826415
0.034960404
0.034541186
0.04041299
0.051762786
0.07028631
0.081019945
0.83579516
0.8933491
0.9295027
0.9035336
0.8575488
0.8125969
0.80277085
0.8304387
0.8754456
0.9203028
0.8994163
0.9182444
0.85256755
0.09331839
0.080583744
0.13911836
0.122824945
0.13344382
0.13774106
0.1276916
0.17738394
0.19047962
0.7277731
0.7248674
0.7118518
0.26290464
0.27526954
0.16379216
0.25873327
0.36315536
0.8149158
0.8185029
0.84435594
0.084322706
0.04522498
0.041037608
0.050768312
0.0817176
0.10262823
0.8548627
0.15008295
0.14754835
0.913314
0.9424392
0.9268794
0.9260601
0.15206578
0.17893122
0.8814995
0.17145276
0.08449692
0.083942875
0.058994748
0.06777006
0.1199425
0.82230645
0.7855699
0.20317042
0.16423641
0.13971058
0.18223187
0.37648937
0.831099
0.9060603
0.89111054
0.9160236
0.90762717
0.77771294
0.38297296
0.3787934
0.3149051
0.18601146
0.19796027
0.21922201
0.32754558
0.4677178
0.8259261
0.85548294
0.85049534
0.83394057
0.8044313
0.787958
0.82814467
0.06908457
0.045294296
0.035369
0.03290669
0.036228728
0.061809495
0.90780556
0.9266887
0.9497297
0.95958287
0.92097867
0.05187946
0.032978393
0.031108642
0.034015294
0.063355505
0.08594561
0.88921124
0.9365764
0.9417027
0.8671337
0.8237616
0.187746
0.15341038
0.16829154
0.09905758
0.08869651
0.13466395
0.18843198
0.22757079
0.6721573
0.67247903
0.45852402
0.36705533
0.28037262
0.28185412
0.2615603
0.26361167
0.5674114
0.603793
0.34828234
0.3010829
0.52908796
0.3182326
0.28760707
0.5139295
0.33744586
0.3676599
0.4119575
0.48550645
0.7438804
0.4116561
0.43637806
0.35357016
0.4393646
0.48961344
0.47797358
0.5892899
0.7717932
0.53057194
0.32571876
0.26476043
0.203675
0.19798331
0.2924295
0.29383585
0.6591741
0.37174428
0.17102252
0.16301608
0.66892564
0.12288409
0.10487975
0.0886107
0.10171437
0.19156922
0.2580604
0.7795063
0.17888628
0.09513237
0.079551525
0.11661917
0.15590207
0.11290034
0.072026715
0.07399477
0.07817602
0.1536586
0.19876382
0.7239587
0.74274695
0.1512314
0.14102603
0.70005083
0.7654224
0.09857246
0.071988
0.0620989
0.094853185
0.7930274
0.81640685
0.8717116
0.11224111
0.05731873
0.058905713
0.08628976
0.79862046
0.11758562
0.09173777
0.13370222
0.86846495
0.08638818
0.049664382
0.042100858
0.044903215
0.07029749
0.9112791
0.93773293
0.95600957
0.07463134
0.04173248
0.044640634
0.058656644
0.08566799
0.844606
0.12164547
0.08507967
0.12442085
0.85672104
0.8450123
0.08837945
0.056863163
0.062784106
0.09894119
0.86874366
0.85240394
0.8600853
0.85095596
0.87013066
0.18152498
0.09434001
0.1392507
0.12114726
0.77131814
0.10643491
0.08548058
0.08304654
0.08204205
0.069549486
0.0665449
0.09584922
0.75275266
0.17057674
0.19349137
0.28107893
0.8057603
0.13055113
0.07291898
0.078277126
0.107186556
0.1303456
0.101294756
0.11336554
0.2688682
0.29126614
0.74428344
0.6780405
0.2219748
0.20915252
0.2722264
0.6674205
0.423214
0.30873194
0.28974003
0.24399528
0.39747974
0.46448052
0.43585134
0.6698465
0.66906977
0.37038565
0.25541726
0.36688957
0.55639404
0.86186
0.84379244
0.8607229
0.90871954
0.9073726
0.8479226
0.8470724
0.31611964
0.22893773
0.17921272
0.29837847
0.73941797
0.7455856
0.7640916
0.8089463
0.91538256
0.9220649
0.8462133
0.076676115
0.055597432
0.04160821
0.03618887
0.04275469
0.10910497
0.9178159
0.91927904
0.9146984
0.8986109
0.9479693
0.097797886
0.043742575
0.037919257
0.04057928
0.06444972
0.056240823
0.08387067
0.13366711
0.10839056
0.10122129
0.07267458
0.10713595
0.15646547
0.89684
0.7753438
0.74202275
0.34870628
0.19845082
0.28699183
0.2024914
0.61383635
0.22398202
0.21746787
0.65533
0.6659115
0.23019253
0.24887802
0.322764
0.23929709
0.45750397
0.89400613
0.897787
0.19537468
0.18659222
0.1946898
0.8749787
0.8967109
0.28736869
0.7428848
0.79944986
0.09594739
0.07766976
0.100758106
0.10042383
0.06067337
0.044344738
0.043563683
0.044168
0.055122368
0.08477558
0.88026506
0.87370664
0.11351674
0.09066116
0.11523616
0.88698274
0.12835357
0.07220469
0.08560633
0.8929783
0.9300179
0.9229213
0.9053151
0.89104295
0.060420927
0.038508445
0.04167052
0.042380314
0.057332076
0.057908487
0.054005146
0.061267395
0.06536424
0.06648971
0.10320977
0.846908
0.19754381
0.11271867
0.09343244
0.081879795
0.09546667
0.7105872
0.2650353
0.79005873
0.8686974
0.23820078
0.331978
0.2543348
0.7505607
0.8666038
0.29064277
0.18422388
0.23771419
0.30291554
0.226484
0.2540166
0.3598514
0.27689564
0.55166185
0.5389653
0.3458082
0.2949472
0.32365566
0.34648725
0.74730295
0.4252348
0.52585685
0.6450559
0.4055553
0.51265967
0.5289508
0.62906516
0.26561853
0.306654
0.16439608
0.14862287
0.19451213
0.20873512
0.70099646
0.7521007
0.83012676
0.9115964
0.896802
0.5810187
0.40741897
0.8742631
0.92087936
0.9186011
0.15149078
0.07792954
0.11959014
0.08479663
0.1250305
0.78497607
0.8144237
0.11724309
0.059830867
0.048082307
0.05991907
0.07723427
0.05576054
0.08898651
0.11468368
0.89432293
0.93953794
0.0958594
0.06490864
0.086398154
0.12676637
0.8862784
0.07921961
0.04285772
0.038558923
0.039199583
0.045303777
0.059379227
0.9056463
0.9267238
0.9396244
0.92895925
0.92008317
0.92597985
0.9154417
0.93308765
0.9417798
0.94314224
0.903614
0.8878771
0.04745098
0.031239856
0.030177752
0.03619859
0.038964342
0.040907055
0.0448592
0.049290534
0.048936922
0.07689961
0.8679524
0.9228601
0.8560376
0.8435815
0.09594384
0.0702058
0.060109485
0.08127312
0.11998828
0.07505209
0.066060275
0.09838921
0.073004775
0.07301596
0.090931274
0.095916376
0.1621509
0.08834121
0.116358496
0.09040848
0.14919658
0.09449326
0.094779626
0.12974517
0.16327173
0.19361918
0.21501537
0.21182875
0.7034025
0.23105794
0.17546326
0.16487285
0.35110447
0.39764136
0.6272264
0.7496416
0.8688421
0.19758199
0.171295
0.09247921
0.07192339
0.06439797
0.0985077
0.20669796
0.16252165
0.8781173
0.14874014
0.11753425
0.1786459
0.8295628
0.111151695
0.06329759
0.054000877
0.076923415
0.90851504
0.926051
0.9160161
0.90994585
0.91899174
0.9087396
0.9164843
0.9168027
0.91082734
0.88945806
0.8904361
0.9124892
0.9191079
0.91609013
0.8930408
0.90547377
0.87622315
0.87712854
0.35047144
0.831668
0.116944216
0.10592458
0.2043468
0.76251537
0.20571214
0.13542987
0.15318854
0.83549744
0.18828064
0.20091547
0.26210788
0.13758548
0.111041434
0.16165274
0.10042669
0.110548936
0.10931568
0.24565905
0.8694295
0.92920345
0.9311793
0.86848986
0.8880673
0.22032245
0.13853902
0.109630466
0.10862804
0.20552039
0.7514817
0.7194281
0.26981044
0.25156543
0.6965442
0.6827579
0.25785568
0.28361475
0.3554978
0.23299481
0.3472363
0.34672478
0.83522666
0.9224801
0.92545825