0.86291194
0.78244275
0.28517076
0.23672092
0.3143733
0.28756028
0.29881978
0.35342863
0.72481793
0.7862491
0.82157654
0.86278355
0.8996374
0.8573321
0.8237702
0.86086804
0.19689578
0.21898325
0.23324348
0.2020315
0.17150086
0.26093534
0.7203649
0.6848231
0.5852715
0.40559363
0.50270444
0.5087125
0.4008538
0.35194594
0.2936562
0.28867957
0.395019
0.44674793
0.35054433
0.5735026
0.39330637
0.43848523
0.5885386
0.769854
0.64263463
0.45750698
0.42656806
0.44021615
0.6070212
0.7414513
0.51500183
0.30937734
0.28351775
0.38423064
0.38129714
0.26932812
0.25796586
0.29864863
0.5534848
0.50789124
0.5285907
0.55562174
0.6509816
0.6328377
0.47225896
0.36502454
0.22810583
0.2116719
0.30669883
0.67459166
0.69702077
0.72835606
0.80669785
0.89661
0.815118
0.14495346
0.077620365
0.07704842
0.12375404
0.19002284
0.76854366
0.85867655
0.28663296
0.31191406
0.21647044
0.19294238
0.18336593
0.18678679
0.18632118
0.7300105
0.7676588
0.7935529
0.10837362
0.063997105
0.06518276
0.07412709
0.14595073
0.9158045
0.8506315
0.12531918
0.065661706
0.054161906
0.08048459
0.0932427
0.06737599
0.10258579
0.92581296
0.8622872
0.944719
0.07616178
0.040834464
0.04029105
0.05088698
0.06811396
0.1375202
0.9178837
0.15521103
0.06924087
0.04264251
0.040082477
0.057003155
0.9021154
0.94127184
0.95456594
0.92905194
0.080322675
0.05476658
0.069329225
0.8743649
0.9200521
0.923911
0.8958604
0.8992932
0.07554748
0.06548447
0.10200845
0.8145939
0.07851975
0.04975115
0.04686787
0.06326445
0.12842044
0.93189794
0.8835883
0.11768959
0.06356873
0.06220184
0.062550895
0.056057546
0.055535883
0.05395598
0.059798602
0.07314531
0.08177114
0.07358418
0.07558309
0.17796153
0.8434494
0.8290314
0.80981743
0.7861637
0.77460736
0.7559834
0.7924548
0.113441356
0.106069036
0.112860054
0.8454496
0.8895766
0.89887846
0.89063835
0.897613
0.09867649
0.11284884
0.060587857
0.083255254
0.052750733
0.046943955
0.060967956
0.0949012
0.82158667
0.816163
0.77419966
0.27508023
0.39352322
0.43370694
0.46207848
0.4715084
0.39610285
0.38772273
0.84467936
0.8675857
0.9043367
0.89117783
0.7604609
0.6192309
0.3376166
0.36318702
0.40773004
0.8638101
0.91875935
0.92445016
0.9143581
0.87433785
0.32944113
0.38861585
0.3723341
0.8079765
0.6799797
0.20031166
0.17375626
0.1735293
0.31586587
0.42014223
0.2769565
0.6974775
0.3885201
0.19966328
0.16966343
0.3163975
0.78121805
0.7991889
0.78718436
0.7943047
0.7886221
0.818215
0.24188435
0.13755816
0.05471345
0.042523656
0.039303444
0.04384176
0.049506024
0.08127644
0.8854298
0.9033914
0.9482953
0.8748085
0.89532816
0.07781818
0.047583707
0.044179074
0.05439765
0.09357257
0.8749147
0.08770351
0.051843066
0.057519507
0.07216017
0.07801269
0.90476125
0.91802835
0.9184629
0.8946791
0.8893722
0.89151585
0.8606444
0.88352704
0.0602739
0.041085076
0.04024617
0.044053625
0.076907516
0.8743837
0.85393625
0.86217964
0.8610876
0.20004132
0.14659059
0.07651422
0.10621783
0.106560394
0.8301638
0.85292876
0.8818106
0.9204215
0.8603217
0.833262
0.8485373
0.27397555
0.09141324
0.15001562
0.06112268
0.06048777
0.09835989
0.13340169
0.15308589
0.15126245
0.12792209
0.12091951
0.21736191
0.7365757
0.21122861
0.21406977
0.19960678
0.16908433
0.16372734
0.26135933
0.67664176
0.6581659
0.6408998
0.19554478
0.16669284
0.17199504
0.6983637
0.7812643
0.8090726
0.8400516
0.90564877
0.8861423
0.20958096
0.1647399
0.20582873
0.6926434
0.7700667
0.8150561
0.838146
0.8416054
0.8291561
0.80588996
0.8019123
0.81037277
0.8519456
0.8921873
0.86450315
0.82348907
0.8212206
0.8400021
0.86606336
0.91350645
0.8431925
0.08370578
0.05333317
0.06297189
0.07072999
0.087047055
0.13892554
0.86610454
0.83628774
0.84749454
0.8794212
0.94600666
0.91179246
0.07334365
0.043413796
0.034017127
0.0385353
0.04139953
0.04168211
0.040244523
0.042676996
0.0379345
0.044668213
0.044535164
0.09571575
0.9461636
0.9578333
0.9662892
0.9619771
0.10499909
0.03524811
0.03326952
0.036044024
0.0406388
0.042299744
0.049653403
0.06833135
0.075255446
0.05766047
0.09383728
0.14665431
0.89803606
0.93435776
0.93852174
0.8956679
0.9277781
0.92636895
0.13323265
0.07190428
0.098878324
0.054695312
0.054802395
0.05625258
0.09592173
0.15207206
0.20103352
0.7926694
0.16772276
0.11840336
0.16612002
0.18716235
0.18652555
0.15879755
0.14917457
0.24172083
0.7026248
0.68764096
0.54142934
0.5229934
0.4634165
0.2900964
0.22170459
0.2109956
0.6446906
0.21665716
0.23378716
0.23422237
0.18665916
0.20737955
0.4732799
0.7090828
0.89520216
0.9201008
0.90370023
0.76901776
0.6389869
0.3144813
0.41612223
0.46652195
0.80780286
0.88981545
0.8350397
0.8029961
0.79957056
0.7905354
0.4160678
0.19435012
0.13556778
0.16807754
0.091407485
0.06521769
0.05397601
0.06494612
0.22986457
0.88572156
0.39425746
0.8599107
0.9195944
0.9128861
0.8935289
0.875874
0.8660407
0.8602822
0.868348
0.8685127
0.8462868
0.24398115
0.7742022
0.09535344
0.056040075
0.053433184
0.058453504
0.13147019
0.23665467
0.89791566
0.81951475
0.8332593
0.9167299
0.91522056
0.7962816
0.780435
0.08899199
0.074545845
0.07714889
0.110473596
0.11596414
0.8762736
0.13079457
0.054005608
0.054737408
0.06615421
0.051681355
0.0448362
0.041326806
0.054159794
0.12841153
0.93635076
0.95408833
0.94471586
0.90659076
0.91292894
0.0823999
0.07021932
0.043242946
0.06823428
0.08142524
0.07109264
0.078475446
0.056806266
0.061300058
0.061302345
0.08337014
0.14463244
0.19402635
0.1513426
0.81351936
0.822525
0.80374056
0.8125402
0.81949914
0.8430369
0.9301931
0.93413013
0.8618223
0.08791773
0.048240867
0.045338996
0.040956534
0.06168404
0.059370704
0.060141988
0.07051657
0.054257594
0.09467742
0.9318573
0.94008344
0.95803934
0.072654106
0.03904204
0.037575696
0.041080073
0.057718452
0.053323824
0.04732737
0.049425274
0.055952944
0.13215153
0.8722975
0.9283987
0.9329983
0.87056404
0.92121935
0.9180204
0.8157083
0.09691655
0.05311474
0.050496973
0.070019685
0.10761445
0.09386568
0.099980734
0.12166042
0.8090376
0.29824927
0.822363
0.49616647
0.93124455
0.9245571
0.10495832
0.049473073
0.037680343
0.04339518
0.038766604
0.043565672
0.047853924
0.039190486
0.04406336
0.09129741
0.94744897
0.96144164
0.9462617
0.067135945
0.036310215
0.03312451
0.03648758
0.03976047
0.04176102
0.047788672
0.062326618
0.109670155
0.16063815
0.91607994
0.8056326
0.38681787
0.7917344
0.56573796
0.8946522
0.39101943
0.24844153
0.17795989
0.09152527
0.06636067
0.06859697
0.09582388
0.2583407
0.914543
0.19091067
0.07331736
0.06624279
0.0537477
0.05199094
0.06511274
0.054288592
0.06861353
0.13608804
0.27482432
0.9478285
0.95427567
0.08730886
0.056201685
0.03373741
0.03385231
0.031620886
0.033753578
0.037378028
0.062234875
0.9111184
0.92872906
0.9419155
0.95795816
0.9367653
0.9298237
0.09417255
0.038261075
0.043960296
0.034877498
0.0433461
0.042438846
0.061117787
0.1196412
0.92311835
0.84081334
0.2535489
0.26689652
0.8353291
0.20001476
0.073508054
0.08264028
0.08726652
0.06966427
0.11975389
0.112689756
0.22819345
0.79537404
0.8052308
0.90749973
0.84263736
0.20116496
0.21611355
0.063256904
0.052242443
0.07140955
0.05448889
0.050463926
0.056178212
0.056250963
0.06287507
0.07135029
0.04620789
0.04686434
0.04241365
0.07688909
0.1377169
0.927415
0.9399584
0.9505465
0.960204
0.9541686
0.076144144
0.042106744
0.03434937
0.04291427
0.041145664
0.05222314
0.07413386
0.05626857
0.10262843
0.13457635
0.9178068
0.83614534
0.9267516
0.10684584
0.077963844
0.05608329
0.056873284
0.071820796
0.07867102
0.10253243
0.13422552
0.16243607
0.904836
0.29010057
0.09494698
0.12281264
0.08070414
0.066873565
0.08592544
0.14378585
0.934461
0.89834
0.083400704
0.055207666
0.04818095
0.044112492
0.050673492
0.05436195
0.050238747
0.06372504
0.06942973
0.09990485
0.900731
0.14942893
0.0682875
0.08932368
0.1177866
0.20414357
0.9470211
0.9605985
0.95841205
0.11643381
0.049435798
0.046250634
0.052591506
0.09010171
0.8394284
0.09620167
0.072033145
0.05908944
0.054525062
0.07751548
0.09890418
0.8362084
0.8129321
0.83428186
0.15166515
0.17000423
0.14987808
0.09364513
0.15966277
0.16380192
0.08204879
0.12730457
0.10625724
0.10019524
0.15031481
0.7374531
0.23604494
0.38756487
0.63627225
0.890517
0.8723507
0.8323053
0.8234148
0.87352043
0.84000295
0.8726881
0.8429659
0.8992046
0.90216637
0.80566686
0.17204778
0.19256084
0.86997384
0.08727346
0.052127566
0.046711467
0.053311646
0.060447525
0.053519126
0.07542044
0.07442329
0.09380435
0.8519715
0.8930804
0.08665192
0.051695038
0.039464515
0.03838717
0.04331894
0.062056758
0.9160596
0.9461464
0.9582452
0.94992983
0.087072775
0.04276851
0.04117095
0.075176604
0.9130531
0.9350178
0.95235074
0.94431895
0.081865594
0.049653243
0.05527185
0.11204695
0.9173797
0.8759455
0.08723358
0.08624247
0.08656412
0.08046788
0.10089856
0.15920018
0.9172564
0.8510131
0.11900851
0.121699005
0.086368576
0.078489125
0.14539713
0.15310463
0.074785255
0.07437051
0.12534857
0.8829403
0.13750885
0.11270361
0.13875993
0.084926635
0.11895838
0.8627102
0.23083773
0.34460133
0.9138407
0.8797064
0.88093156
0.18763998
0.06462354
0.052203856
0.062773876
0.116136365
0.8127575
0.7532166
0.7356668
0.73221135
0.27642742
0.23517944
0.19602254
0.40524632
0.9011625
0.92347413