0.2712633
0.14926082
0.113493405
0.10098861
0.10162979
0.13606012
0.17942761
0.88469565
0.85142785
0.9174915
0.9120571
0.124593414
0.085715875
0.10576157
0.14613828
0.8302858
0.70464665
0.70471215
0.2989747
0.13782701
0.11115617
0.19780645
0.13660142
0.09521102
0.09000727
0.07206055
0.072324954
0.10332913
0.1534818
0.84109753
0.92619354
0.28386799
0.13259657
0.12282767
0.11191964
0.7630597
0.22370784
0.19784549
0.8642669
0.1412088
0.07129801
0.05837183
0.038759194
0.037017718
0.034235083
0.035389587
0.04307175
0.063749276
0.91843694
0.9434353
0.93713266
0.14670892
0.12905091
0.86926925
0.92657757
0.94355524
0.91848147
0.8594919
0.85179913
0.09288599
0.10625273
0.7508604
0.070247866
0.053866018
0.05403093
0.09440426
0.92330384
0.93443924
0.08868574
0.061055638
0.076539084
0.12402809
0.15288082
0.83731854
0.19367425
0.12332249
0.10788146
0.1702688
0.21925099
0.21352471
0.3659281
0.3306875
0.2278065
0.25789934
0.18985815
0.1753001
0.83184236
0.93253136
0.94227636
0.9270321
0.12445423
0.14136793
0.11574372
0.1096752
0.14833823
0.2278884
0.84716153
0.293448
0.26721293
0.2243984
0.779949
0.91153926
0.9267809
0.8949921
0.33803263
0.37697682
0.37456006
0.8280712
0.8408074
0.84741795
0.8801458
0.8555791
0.85459024
0.7444558
0.6968869
0.7868494
0.59140164
0.2323292
0.21827817
0.18595551
0.16875386
0.22388782
0.24468239
0.64998907
0.8322768
0.71844935
0.66416746
0.6771132
0.20740648
0.18606156
0.16884953
0.72970253
0.108847134
0.08239751
0.08598274
0.07237994
0.1069227
0.07593766
0.06252785
0.070876755
0.05745389
0.05804443
0.057312697
0.04984456
0.049557578
0.07393156
0.8493668
0.83538693
0.858691
0.93153065
0.104625694
0.07892572
0.10426597
0.829508
0.7940365
0.84812933
0.14596717
0.079388544
0.0861365
0.8550307
0.9190161
0.94476384
0.9432119
0.89044785
0.82809335
0.07936758
0.069558375
0.14825363
0.9187468
0.92609596
0.9433882
0.17269309
0.050245855
0.049814057
0.06745062
0.06183711
0.07850177
0.77894294
0.7978611
0.92456603
0.9362296
0.8414132
0.07444517
0.047440123
0.04514945
0.061711334
0.08602919
0.05317194
0.056672838
0.050827794
0.052267045
0.05504387
0.07084658
0.08625892
0.8940954
0.8704605
0.8933504
0.15254074
0.15036002
0.89253104
0.87980783
0.09503062
0.09584102
0.11318552
0.8796394
0.9004981
0.920464
0.94527686
0.94166815
0.9030834
0.10404669
0.077460185
0.08826489
0.7496374
0.13675214
0.14831081
0.8848108
0.81474185
0.8338082
0.09767959
0.09009794
0.10276109
0.06951276
0.07905739
0.7765675
0.80331993
0.90284604
0.91117334
0.18090823
0.21518315
0.7990626
0.80237573
0.092290826
0.08757837
0.11546196
0.09710059
0.8746762
0.8929436
0.9385875
0.93018806
0.1042561
0.10142153
0.1391781
0.13109742
0.87169
0.8164855
0.2858045
0.216496
0.83316237
0.9014078
0.91712946
0.100271806
0.064351454
0.06807704
0.061512228
0.06792121
0.0893403
0.14683358
0.8458415
0.30391204
0.21751863
0.30104807
0.18407735
0.21732956
0.65927464
0.3277039
0.5467679
0.64810336
0.83831555
0.73471594
0.2444614
0.32299066
0.19455816
0.18526143
0.42683202
0.23927324
0.74800605
0.12334399
0.071288474
0.064071134
0.07418913
0.16442436
0.8776606
0.92151517
0.8707116
0.8385583
0.8184514
0.8105222
0.8282911
0.09270749
0.057842836
0.05325783
0.0579994
0.062033974
0.10679967
0.3925361
0.2904086
0.8593862
0.27267432
0.41049522
0.13972555
0.13736333
0.15851827
0.15438098
0.16378397
0.3505473
0.8557402
0.8045506
0.8944369
0.9014048
0.7779012
0.106687024
0.074328095
0.07555404
0.061025355
0.076081075
0.15271941
0.22572298
0.9141305
0.8672788
0.92084897
0.8473296
0.12310689
0.07764986
0.08669582
0.75488657
0.7594213
0.9051229
0.1642065
0.14624052
0.8256054
0.9215299
0.081852786
0.058143213
0.05547701
0.072541654
0.87879884
0.8794812
0.91253513
0.93583196
0.09154131
0.09305901
0.09787927
0.09461877
0.8086919
0.74054307
0.16230014
0.1574227
0.89744765
0.9309569
0.916412
0.242344
0.13450527
0.26364166
0.87440264
0.88348705
0.9237743
0.9344268
0.932825
0.9152805
0.31421512
0.117056906
0.077156074
0.09485734
0.17802075
0.19522868
0.18796521
0.7389146
0.79121816
0.25576842
0.090239026
0.07454676
0.06477234
0.050022267
0.058597133
0.10254965
0.9282963
0.87657803
0.076736525
0.043714955
0.0382182
0.040664766
0.037324503
0.044320196
0.058659144
0.89440656
0.9182259
0.9328272
0.9504285
0.949834
0.9133229
0.8699415
0.88855416
0.06164099
0.052237768
0.033597413
0.036647648
0.03338422
0.037695654
0.05891829
0.81474704
0.87203014
0.9390062
0.94113326
0.8620315
0.10215428
0.07262512
0.056887414
0.06310956
0.12049879
0.13867712
0.17351317
0.7306315
0.17136171
0.1393808
0.21868114
0.84321994
0.20006205
0.21109635
0.34020233
0.9018305
0.14985205
0.069244064
0.072219715
0.10333691
0.8887994
0.11043832
0.101838395
0.074669875
0.060414173
0.12158936
0.9148346
0.8933408
0.8879317
0.94608337
0.09494081
0.04488634
0.042968847
0.052801643
0.080433086
0.7873974
0.79599494
0.11784532
0.10282509
0.10583743
0.24234006
0.8883821
0.35379538
0.31345007
0.25357807
0.79502934