0.6758229
0.31961167
0.22042286
0.19345227
0.18601519
0.2536106
0.85431564
0.8981902
0.8718475
0.8810519
0.8062374
0.7308557
0.65502304
0.624501
0.6432539
0.7245836
0.8501263
0.85902524
0.69149995
0.22033274
0.17153767
0.16294624
0.17447689
0.7410161
0.90723807
0.92193824
0.8970653
0.15624496
0.114543095
0.13108577
0.22311732
0.69558513
0.7961422
0.39858717
0.56890213
0.29966024
0.3815316
0.25640857
0.22967987
0.26147756
0.4259456
0.6300619
0.24742611
0.17455326
0.1592198
0.18193153
0.18235299
0.6544008
0.22113086
0.13760892
0.112858355
0.10835015
0.13029493
0.7287112
0.86242795
0.76776975
0.7934598
0.9162227
0.923289
0.8152554
0.80592555
0.06853052
0.0469351
0.0502306
0.08267285
0.13008533
0.07991703
0.06546826
0.06548632
0.0920649
0.14235404
0.8806393
0.8734089
0.9446481
0.50465137
0.24913186
0.06507766
0.04962512
0.049869962
0.055048306
0.075839
0.07725156
0.08641454
0.07005379
0.101738706
0.06486308
0.05305405
0.051671468
0.05161474
0.07099543
0.8749542
0.92400116
0.86255884
0.8782194
0.93707925
0.93054056
0.12361908
0.12831897
0.7587143
0.7968067
0.07032104
0.043975517
0.046548437
0.039908372
0.032986056
0.033428762
0.037532814
0.06196928
0.9374413
0.9560313
0.9641904
0.9498645
0.95282346
0.05662761
0.032387473
0.030438818
0.035910547
0.04389567
0.054886606
0.06319329
0.05846663
0.061748784
0.06090351
0.06471889
0.08456582
0.0931811
0.13260908
0.091167904
0.11683836
0.16962942
0.7630545
0.86308867
0.4009261
0.3306387
0.44669813
0.33060843
0.37271473
0.7897461
0.7549576
0.8086064
0.69196224
0.6875135
0.8118788
0.8133868
0.5896958
0.3118678
0.3266252
0.29419148
0.47293
0.32639754
0.4978797
0.36516538
0.49914485
0.80945396
0.81469184
0.3806902
0.32680815
0.25022852
0.23680173
0.25206688
0.4993271
0.27067155
0.23245274
0.23582146
0.35091132
0.26685473
0.25068152
0.3968495
0.29515237
0.59270704
0.21135597
0.17592476
0.14109963
0.15532485
0.1721062
0.2393997
0.3990639
0.4622889
0.34367177
0.3474635
0.1324415
0.11599786
0.11713329
0.17610465
0.15281169
0.6305457
0.16503206
0.19723386
0.15181786
0.17072465
0.8537214
0.8564136
0.69486284
0.67504144
0.12974957
0.13590454
0.14739136
0.7187725
0.121220596
0.0881324
0.064958
0.082179114
0.7790157
0.91655135
0.929641
0.86892015
0.0946503
0.100901335
0.09435095
0.7129548
0.79875684
0.0877284
0.06272782
0.07715976
0.84814835
0.8786569
0.94882476
0.1636709
0.07052416
0.056229275
0.07511996
0.79511005
0.08429222
0.05859835
0.07163828
0.8955025
0.9328626
0.95778537
0.92463493
0.066711225
0.054914173
0.07627877
0.7588163
0.07101489
0.047787312
0.052086633
0.09367768
0.92710024
0.919558
0.9457605
0.9368148
0.09398807
0.08919778
0.10349968
0.80066025
0.79312193
0.08732098
0.06141739
0.052444816
0.062092803
0.071534835
0.15401754
0.24036711
0.8893139
0.20645599
0.23448429
0.16615832
0.72303015
0.72307944
0.7070419
0.71356624
0.12664126
0.098062076
0.14744008
0.17634475
0.88614094
0.89757293
0.1605289
0.14706604
0.08272198
0.07554577
0.09587163
0.1452674
0.1815976
0.34375894
0.8372518
0.7112277
0.3578068
0.27253774
0.2609506
0.76141405
0.20026483
0.18659389
0.17561664
0.27591676
0.8207862
0.7603136
0.82310325
0.22999065
0.22700195
0.2001646
0.2619818
0.33807614
0.7227252
0.17775945
0.12834214
0.10462004
0.14306757
0.13894475
0.16876012
0.35475048
0.36447623
0.8550154
0.8605561
0.5661222
0.34356833
0.6219668
0.45623857
0.77268195
0.2695826
0.3322128
0.24580882
0.55554485
0.58011603
0.6301704
0.8140355
0.14741479
0.1332956
0.13229845
0.7549656
0.9031886
0.9405592
0.13149408
0.07146511
0.04079277
0.03823551
0.040238097
0.043611553
0.04464215
0.04833036
0.05705213
0.11462559
0.9124044
0.117167376
0.069186285
0.07994353
0.85966665
0.8544797
0.88424194
0.9106879
0.9449072
0.9433306
0.8664228
0.86355567
0.07456094
0.070023865
0.1147403
0.90759754
0.8964209
0.13406575
0.09024946
0.10209018
0.06505614
0.043082673
0.04224534
0.042858094
0.051121954
0.10536573
0.1791572
0.8977558
0.9198011
0.9155863
0.20804007
0.3092598
0.1779601
0.7164999
0.10988019
0.08421917
0.09727615
0.099525794
0.14055926
0.7270075
0.8028797
0.9000472
0.90304905
0.8144195
0.114821486
0.06879593
0.07522751
0.08521909
0.08723072
0.14558096
0.10437321
0.1203674
0.108976856
0.16272676
0.17463969
0.6639608
0.26428503
0.6694199
0.17852671
0.20547043
0.7306548
0.15905908
0.11160944
0.06998478
0.085577056
0.11357642
0.90727454
0.82649195
0.10214367
0.070546865
0.09794839
0.90193164
0.9438957
0.94081354
0.06869271
0.041690778
0.039993644
0.055911627
0.90262175
0.9489406
0.95588404
0.9458586
0.065571755
0.041692223
0.046319474
0.07461082
0.8239653
0.76027846
0.739339
0.785285
0.20479146
0.123442374
0.13701716
0.9053318
0.93233925
0.9212898
0.11596165
0.13249762
0.088170566
0.099265754
0.22945394
0.80396736
0.7773996
0.5603189
0.48165613
0.89176315
0.9196249
0.89646995
0.1334463
0.09876243
0.10762951
0.13378675
0.36293447
0.77071744
0.8420722
0.8941022
0.8436667
0.8261595
0.8385823
0.84320676