0.18744932
0.15512738
0.09676422
0.059814375
0.04983501
0.049352404
0.05944237
0.11780564
0.83198124
0.78035617
0.8395284
0.9324628
0.9454066
0.93807226
0.861573
0.85513496
0.09308097
0.08204396
0.066263735
0.106328204
0.88288635
0.27886537
0.82784903
0.07914847
0.061952412
0.058741227
0.051820826
0.09837903
0.9325186
0.9289709
0.8948127
0.87450653
0.91591287
0.089299954
0.05526119
0.05862387
0.07173065
0.10230158
0.8942933
0.09987917
0.075822346
0.05020898
0.06123398
0.07976995
0.8214461
0.8636177
0.9228839
0.92643154
0.8872244
0.919001
0.9302126
0.9327493
0.92231065
0.83653504
0.10450528
0.06223564
0.08659474
0.072993234
0.11676101
0.21220413
0.20724253
0.18000701
0.70020926
0.84123063
0.14402214
0.116093524
0.13762006
0.20816974
0.9145461
0.9417129
0.19680104
0.061403286
0.047996517
0.05275885
0.07029529
0.050283384
0.05533926
0.08960094
0.8706216
0.118585214
0.08425392
0.059338007
0.078449324
0.8408858
0.30573735
0.9184844
0.9348287
0.246172
0.078264125
0.08434883
0.8765852
0.9351552
0.93594986
0.9499265
0.90713316
0.9383426
0.055368073
0.032627143
0.031189471
0.032726374
0.035659004
0.039886013
0.053278282
0.09229582
0.8836546
0.19829485
0.1929317
0.8716187
0.7969115
0.8743875
0.19061956
0.21562871
0.3169885
0.7337295
0.1636594
0.15004298
0.29434672
0.89218664
0.89361167
0.17120206
0.14603259
0.1511608
0.19953217
0.79550195
0.67928874
0.62203383
0.65262324
0.7669027
0.42956826
0.47724316
0.46305385
0.81180954
0.8295386
0.33637208
0.29402682
0.25153783
0.2714088
0.2856206
0.27075997
0.33654633
0.48437393
0.8490709
0.86555845
0.7307561
0.7136465
0.83582073
0.84697574
0.6705723
0.3534654
0.24686094
0.25866148
0.60172045
0.75431246
0.901232
0.92685556
0.9216148
0.88967097
0.29785794
0.17277677
0.2523808
0.15035929
0.13335046
0.1351265
0.16642365
0.7251642
0.8315613
0.90918636
0.88738644
0.576531
0.73605424
0.8157301
0.85421073
0.7083311
0.36979678
0.72315633
0.8879914
0.8849465
0.9259391
0.928189
0.09724899
0.06168392
0.057199296
0.059746563
0.068475775
0.06979278
0.06323912
0.073323146
0.17637493
0.12100678
0.16915278
0.92098564
0.90997833
0.8868758
0.933286
0.09764708
0.06308366
0.067964055
0.0636448
0.07105223
0.07901872
0.12109178
0.71720546
0.7257061
0.8208186
0.5098752
0.5394123
0.48100236
0.78241986
0.63296336
0.46030468
0.48164406
0.24949312
0.20015623
0.17419617
0.1845358
0.21559311
0.38265586
0.41779736
0.2804028
0.23599847
0.28507683
0.7909755
0.6450097
0.31311154
0.22970942
0.2506423
0.28043202
0.39870313
0.86408114
0.8302448
0.84134704
0.9073998
0.897233
0.4325587
0.2878947
0.27882007
0.1813139
0.34038004
0.77678144
0.90311044
0.14410527
0.09016338
0.09302419
0.09506219
0.08945828
0.058091816
0.06914281
0.06708332
0.08121075
0.878944
0.93746054
0.9339024
0.1268581
0.10039297
0.09487208
0.8625991
0.93464303
0.9421827
0.92617524
0.11756993
0.13350706
0.11267345
0.8244064
0.9055255
0.8246189
0.22064465
0.33506566
0.9077096
0.8782162
0.16808385
0.068510026
0.06375967
0.09341593
0.077598475
0.08300957
0.15172337
0.8275615
0.36374557
0.10104632
0.0823544
0.06376226
0.06615729
0.09156302
0.08493317
0.07788199
0.10648113
0.7788405
0.7917309
0.81870735
0.12560137
0.06633887
0.0513584
0.05868757
0.06457022
0.09825908
0.9175319
0.9322935
0.09961397
0.066050775
0.07581839
0.12164529
0.9004569
0.16777636
0.07877862
0.08451118
0.8242421
0.85150445
0.94794834
0.91815525
0.06047858
0.040707886
0.037639763
0.047970086
0.09468094
0.88858515
0.17941731
0.19032198
0.89451027
0.92369276
0.9437734
0.9338486
0.1923874
0.15035257
0.8395275
0.92495984
0.102807656
0.04434054
0.038536847
0.052475
0.0687889
0.849266
0.87532264
0.9275498
0.9255919
0.14673948
0.183652
0.26534668
0.91405815
0.24706618
0.064946465
0.04261723
0.039899155
0.041614696
0.04497567
0.07605785
0.07439968
0.13100304
0.3779546
0.936157
0.93437815
0.8272734
0.0947066
0.063424416
0.045653127
0.042828538
0.040738154
0.03548087
0.0367912
0.04768102
0.12173349
0.930265
0.93581134
0.91332847
0.91193765
0.93823993
0.9138348
0.93315965
0.19750836
0.04705747
0.044037845
0.04831894
0.07513436
0.10046883
0.8048157
0.7967048
0.33174726
0.22928528
0.116873324
0.12020282
0.83338
0.9027657
0.81511825
0.75340694
0.8142037
0.9210898
0.9418087
0.9352558
0.8587562
0.8664129
0.06883725
0.047924332
0.06452533
0.07601612
0.054800123
0.05354761
0.039250135
0.036647
0.03755441
0.044812176
0.105681285
0.9345008
0.9395136
0.9185894
0.881291
0.8759223
0.86109424
0.83717495
0.8788683
0.13706127
0.048543915
0.042642653
0.045455128
0.07153299
0.79052895
0.28414094
0.18361369
0.8594151
0.9187531
0.9254478
0.21858387
0.07657185
0.06529751
0.059109014
0.0858625
0.18669853
0.88790935
0.87106234
0.28139418
0.3038236
0.8056897
0.27196574
0.2084481
0.17007314
0.12513342
0.1247558
0.150294
0.18835334
0.80843204
0.2221614
0.22359577
0.1747916
0.19572923
0.15663724
0.21911836
0.20473652
0.3989316
0.4352919
0.2795204
0.43873495
0.4335782
0.28502828
0.4348853
0.38579312
0.7776684
0.3052376
0.3144797
0.32507008
0.7683903