0.8918257
0.9048695
0.82928383
0.71937215
0.6931493
0.6636491
0.6474467
0.25543714
0.25128928
0.15094644
0.15782826
0.17444924
0.20516407
0.8930308
0.9087789
0.7859161
0.756443
0.7748876
0.8120112
0.0895527
0.052250665
0.047392707
0.04808616
0.053786002
0.06514288
0.064888045
0.06420331
0.062318135
0.065854564
0.062919915
0.060336106
0.05702175
0.05472706
0.052973952
0.05029651
0.046065036
0.039421387
0.036243517
0.037909053
0.05413537
0.90583545
0.9361167
0.95216274
0.95945376
0.9271556
0.8955478
0.061954048
0.05604385
0.07994625
0.7564824
0.25243476
0.8601384
0.11598073
0.05468391
0.056577574
0.06927101
0.110182695
0.8352218
0.10080432
0.062443454
0.058356933
0.05952196
0.058996893
0.06108061
0.06827572
0.07292396
0.07710837
0.07431278
0.09099052
0.17699759
0.8046987
0.8033728
0.19936195
0.1274489
0.10321838
0.12863125
0.09382243
0.11642664
0.113753445
0.15078917
0.7782636
0.80156994
0.92407656
0.9469962
0.08611276
0.04544052
0.0393712
0.043135673
0.06921808
0.056896478
0.042158663
0.036620304
0.03875868
0.057761736
0.89637685
0.92859966
0.9477079
0.95962334
0.9178374
0.89209163
0.054008827
0.03510341
0.03408345
0.041462705
0.047554825
0.05954908
0.06839146
0.09454473
0.6919929
0.17506327
0.17258133
0.7051721
0.75695306
0.8934638
0.901631
0.47225642
0.1974352
0.28114825
0.18172699
0.19456324
0.27786553
0.19125709
0.23863162
0.26094654
0.2745175
0.2757224
0.33498392
0.16798283
0.18608248
0.18444869
0.1986368
0.1723425
0.3990803
0.9114602
0.9396042
0.94279385
0.9368707
0.9208378
0.17719747
0.11833271
0.14202341
0.08684
0.119734384
0.08727737
0.102722995
0.12791687
0.12196013
0.20836817
0.7542864
0.7568818
0.8776796
0.19608329
0.17469278
0.18226968
0.858206
0.14263804
0.083608545
0.06340549
0.06892221
0.11278168
0.17629558
0.116269074
0.07913256
0.0642691
0.10713321
0.858511
0.89544076
0.9303864
0.933685
0.9198932
0.9225512
0.9058923
0.9241809
0.90128005
0.8914422
0.12378589
0.050188147
0.045022175
0.06756928
0.068186805
0.07489176
0.1143285
0.9138158
0.9220211
0.8135104
0.3344303
0.24902481
0.14336361
0.15719187
0.09085653
0.13686779
0.14566132
0.10002346
0.09980134
0.054259162
0.048357725
0.06419009
0.080955125
0.879902
0.8502796
0.87773937
0.8562426
0.899344
0.07802916
0.052017596
0.051626608
0.049956307
0.07539892
0.11961393
0.1060911
0.10741114
0.10436514
0.09876624
0.08615928
0.09962218
0.102989115
0.09328684
0.084832616
0.103413194
0.14235178
0.2198153
0.872999
0.87720555
0.9406276
0.12560858
0.084085226
0.11371222
0.058973923
0.056643516
0.06917204
0.06696659
0.083692916
0.16941185
0.2814355
0.8927037
0.8987505
0.3631348
0.23415013
0.30651227
0.2513506
0.2659069
0.40720662
0.49175018
0.41264075
0.88009024
0.1328157
0.08440807
0.08488915
0.13948365
0.11291602
0.20224856
0.76944983
0.21580587
0.16952068
0.69697666
0.6944076
0.735251
0.092882305
0.068024516
0.067878075
0.13146766
0.82663953
0.85610795
0.21767865
0.13019562
0.16959679
0.9098909
0.12716384
0.0627557
0.048381977
0.06475085
0.08729383
0.11415372
0.8719807
0.11521635
0.08933035
0.11299531
0.8893552
0.08985881
0.058099292
0.04532148
0.057170227
0.88469166
0.9328905
0.9539041
0.95864767
0.95373094
0.9235613
0.0602424
0.039772853
0.049795147
0.07757888
0.82507014
0.10445212
0.100996666
0.12608968
0.8578655
0.8740619
0.15315282
0.08439889
0.07391842
0.06610444
0.11141555
0.15464889
0.83869827
0.26818377
0.13558255
0.22853121
0.89947915
0.91311055
0.82126486
0.8183665
0.88926494
0.81070614
0.13967955
0.0886509
0.089300506
0.8579688
0.932117
0.93905485
0.92381907
0.122143455
0.10077348
0.2084153
0.8110687
0.81081873
0.14977768
0.09720455
0.08493605
0.11673587
0.89148945
0.887494
0.773343
0.16157156
0.1933468
0.13739736
0.11779625
0.15178925
0.19002873
0.23699193
0.29321387
0.7017781
0.43939683
0.3303179
0.32920656
0.39393806
0.37881124
0.30296242
0.2500618
0.40074044
0.6729583
0.7037275
0.80599856
0.40380356
0.18649493
0.20956524
0.36375344
0.41851926
0.37931997
0.20597714
0.23813339
0.25537285
0.32943094
0.13642514
0.11199218
0.111623116
0.1016792
0.17442514
0.14072475
0.1101314
0.17501621
0.89684975
0.9060226
0.81409836
0.85172075
0.19092275
0.18733458
0.31909177
0.29259723
0.2965835
0.81435144
0.7765688
0.846929
0.8019271
0.85436416
0.7532342
0.7507196
0.21517861
0.7385646
0.07730034
0.05381263
0.05718753
0.075656615
0.06340909
0.09725643
0.858234
0.18277757
0.16153851
0.33912185
0.9288891
0.9327136
0.9115021
0.9380966
0.14124915
0.13424286
0.12800592
0.1023278
0.05200888
0.06873909
0.09728178
0.074988514
0.060429797
0.054656442
0.056883663
0.06812937
0.10684039
0.075592935
0.10196349
0.1535854
0.09895464
0.11197198
0.8131228
0.9345392
0.12356911
0.051750194
0.044770528
0.0460049
0.05583508
0.04854734
0.059393957
0.11453794
0.8815558
0.11020332
0.08340432
0.088681035
0.17928733
0.9207886
0.93852735
0.93536097
0.91174376
0.92123485
0.077536084
0.04334082
0.048350874
0.039408356
0.046786144
0.046592727
0.051082205
0.05842509
0.060622003
0.050881073
0.058099203
0.090268016
0.82341224
0.8905081
0.2396941
0.2221667
0.8347411
0.9169107
0.9309987