0.76589346
0.71070856
0.638164
0.40064555
0.31286746
0.2189576
0.17970882
0.16636571
0.16146639
0.2041473
0.31319675
0.7018288
0.7832068
0.8790838
0.8827159
0.8292744
0.3465932
0.27793574
0.29997662
0.47426456
0.58563447
0.7895327
0.62001103
0.18655697
0.14646351
0.15818216
0.18758258
0.8551287
0.8786703
0.4636111
0.4200093
0.86125267
0.23793
0.09891505
0.09364684
0.12785228
0.76780266
0.92322767
0.19276643
0.065407686
0.051841527
0.06127701
0.047743373
0.05211449
0.07892258
0.84506094
0.85548145
0.8684085
0.87389296
0.8835532
0.07193055
0.04190793
0.039349098
0.048503853
0.050317008
0.064958505
0.1332536
0.91081256
0.123867944
0.06682814
0.060443
0.07804477
0.0989776
0.83499384
0.93202573
0.092882045
0.048121925
0.043699857
0.048161987
0.07789594
0.8796714
0.9204366
0.13232018
0.04741068
0.03904291
0.039999653
0.061085057
0.9131701
0.9454337
0.96156716
0.9273928
0.058196116
0.037689105
0.039493814
0.050936945
0.09507709
0.8444589
0.091230415
0.053450737
0.047721263
0.051914684
0.080997065
0.84707165
0.82802427
0.9302561
0.11265559
0.07994927
0.053984933
0.054698113
0.07864738
0.7618762
0.73616594
0.781644
0.82002836
0.08039683
0.050366495
0.04986528
0.04778009
0.06739792
0.11168906
0.9145449
0.10128716
0.051629566
0.042742394
0.052673757
0.08415271
0.9364698
0.93480027
0.9101101
0.89068043
0.8963433
0.06928289
0.050692193
0.038813382
0.039972942
0.04475262
0.051597107
0.06289127
0.057984587
0.05786738
0.06299376
0.099545136
0.85597956
0.17964026
0.08843043
0.087280735
0.1677892
0.9051402
0.1521925
0.13069929
0.06930597
0.058269598
0.07669238
0.14373928
0.82731277
0.83374476
0.9039635
0.78611505
0.7450097
0.1766363
0.13617128
0.105803564
0.10768804
0.1304714
0.26860696
0.17344177
0.18483041
0.6511283
0.78043115
0.9077191
0.9268781
0.9125268
0.8206071
0.85959125
0.68811756
0.16464967
0.16500522
0.24742539
0.73646855
0.8849071
0.90171146
0.17308389
0.1779753
0.24231532
0.11371164
0.07391448
0.059574753
0.06499963
0.104068495
0.7704913
0.16642843
0.14005394
0.7557758
0.9061974
0.10961015
0.07386991
0.08947532
0.08889779
0.8728631
0.945687
0.9527237
0.06846491
0.03449472
0.030774858
0.032443978
0.031248052
0.03513535
0.055663414
0.9248478
0.95887
0.965867
0.958493
0.0554436
0.03134144
0.029248502
0.03264415
0.034823496
0.04352935
0.07633466
0.8555686
0.8249958
0.9123299
0.8261582
0.09349016
0.077576935
0.06505576
0.088805325
0.8005245
0.799844
0.9343374
0.114723854
0.05225239
0.04556086
0.047078602
0.054387014
0.05920007
0.0507933
0.05497173
0.049395148
0.056926344
0.0479794
0.07230632
0.8765686
0.8536369
0.35094813
0.9079671
0.94137913
0.94335395
0.90733296
0.85975
0.33914697
0.898503
0.88560975
0.06264458
0.040545207
0.041288648
0.04196028
0.04923872
0.057115443
0.07277058
0.06525773
0.061579295
0.06793936
0.066276014
0.067554474
0.07473768
0.10324472
0.17722034
0.1570876
0.1985702
0.088268265
0.06659141
0.06544186
0.08632368
0.7345245
0.14741567
0.184223
0.21342897
0.28868836
0.8847277
0.92080164
0.87343377
0.88588864
0.93272275
0.93323755
0.85467833
0.85252386
0.07692226
0.08355736
0.069408126
0.042426135
0.04632981
0.09452038
0.86409265
0.1687102
0.2291766
0.9244001
0.9177086
0.90034395
0.1973207
0.15026928
0.8224495
0.08095855
0.045634806
0.042652037
0.049614444
0.06634814
0.08475336
0.8171086
0.82389975
0.8175589
0.80217874
0.79528123
0.84955835
0.9319958
0.93079495
0.8519002
0.1250927
0.10117523
0.08988931
0.05096533
0.04927179
0.05446624
0.09862197
0.07510765
0.14957803
0.13489485
0.8541972
0.9198388
0.88056767
0.9256286
0.86437416
0.09529233
0.08915867
0.06488956
0.063648626
0.060647544
0.080283165
0.08121548
0.097546294
0.12964462
0.3289189
0.2672
0.6595394
0.6474347
0.63130057
0.37821552
0.49651292
0.678902
0.840422
0.19375892
0.16523392
0.23508774
0.1281815
0.12929527
0.0954727
0.12822683
0.107006036
0.19815734
0.14645727
0.098521754
0.12719147
0.13515405
0.7494536
0.23043348
0.2728555
0.273617
0.26079816
0.18551779
0.73627204
0.789434
0.91263163
0.9185154
0.17016686
0.10920189
0.17284769
0.83706987
0.870782
0.9341335
0.89161557
0.0964573
0.06906975
0.08693271
0.8126803
0.94292426
0.099906676
0.044318467
0.034907255
0.034714613
0.035178963
0.034720253
0.036672667
0.04185823
0.07958181
0.9525922
0.96300143
0.96357936
0.06756546
0.03736141
0.037022203
0.03683109
0.041269798
0.048357744
0.0506599
0.06854833
0.07205929
0.050277557
0.053212885
0.107609205
0.92188555
0.8537617
0.8255808
0.83238417
0.21612011
0.14300843
0.30528638
0.90808004
0.91125774
0.108444415
0.10663464
0.12139756
0.15606633
0.35640743
0.916985
0.92410004
0.14248672
0.07968535
0.08290811
0.14089978
0.1293364
0.13095632
0.27668053
0.24886742
0.5560107
0.9139585
0.124554075
0.06338197
0.049428314
0.04697126
0.051294547
0.052625343
0.0508116
0.05725159
0.05486737
0.045486942
0.040918358
0.05428334
0.096815854
0.9344869
0.9505966
0.9070468
0.9059864
0.08338106
0.07999201
0.07307
0.11498829
0.8806653
0.18247317
0.12390827
0.060757734
0.05031349
0.058155254
0.05703048
0.057245832
0.05770368
0.058688276
0.054888733
0.06508798
0.06514288
0.10768094
0.8576723
0.8968924
0.38273266
0.35034886