0.8374917
0.8081235
0.7771198
0.830714
0.78656024
0.7966964
0.85961384
0.8363211
0.32772508
0.22995977
0.2047328
0.24208906
0.21175696
0.20404902
0.20076163
0.5215346
0.22436169
0.1900977
0.21264741
0.26778656
0.5625078
0.56889474
0.31416482
0.35938242
0.46975693
0.48716855
0.39906633
0.8286966
0.7674728
0.8481306
0.28223154
0.177909
0.17829123
0.8708529
0.89871126
0.14452995
0.12634388
0.112656556
0.84268403
0.92758083
0.9313355
0.8368843
0.79415375
0.11164247
0.14002638
0.123095945
0.80753803
0.8271836
0.8879916
0.19910769
0.16011378
0.3989766
0.8913522
0.88898045
0.9013106
0.7223369
0.17905557
0.19574666
0.22623402
0.30563003
0.2610506
0.5941998
0.5933142
0.27810106
0.24781905
0.36406654
0.29507086
0.3948678
0.27245545
0.52597517
0.25747734
0.23960865
0.31489354
0.6876829
0.827227
0.7579957
0.7940045
0.88415265
0.88304704
0.7272523
0.44407418
0.25516486
0.25313178
0.39122468
0.8477231
0.8427347
0.8980671
0.8703651
0.88667566
0.3357017
0.13229501
0.16135445
0.2638405
0.87723994
0.79722786
0.13381495
0.08760485
0.078420624
0.10575999
0.0724156
0.06893809
0.0885392
0.10801269
0.7205752
0.72367245
0.6907071
0.69097567
0.7207582
0.88888305
0.27546072
0.27789885
0.8355336
0.07278755
0.04500405
0.05059859
0.03799263
0.046604384
0.06536916
0.9173293
0.95620733
0.9632261
0.95482063
0.05587732
0.033127174
0.03211929
0.035500575
0.042355467
0.06678182
0.78536355
0.2471582
0.42338836
0.93029946
0.94496536
0.18295011
0.050796494
0.04184674
0.045012888
0.07935088
0.14835255
0.92402864
0.9554888
0.92805517
0.07565281
0.038926587
0.038937345
0.04304737
0.044161357
0.06803181
0.08248281
0.06050335
0.053469315
0.057337746
0.047134664
0.07417196
0.942896
0.9519596
0.9634172
0.93128633
0.054045916
0.034209073
0.035162795
0.043768108
0.041958094
0.04736461
0.050150227
0.0475516
0.064049765
0.07223321
0.057493977
0.08061187
0.922936
0.9428982
0.94972634
0.9406285
0.8576927
0.10973814
0.08381093
0.06733618
0.050651222
0.05263176
0.066824876
0.06880215
0.085797876
0.08294927
0.09463043
0.15708685
0.10492332
0.10491962
0.12525478
0.26976994
0.24272685
0.19436017
0.6928731
0.19668105
0.21273094
0.21439368
0.1993933
0.14494567
0.11590074
0.121362396
0.19765265
0.12430953
0.13205071
0.69705486
0.3611975
0.24707338
0.18601564
0.8532263
0.1410683
0.10630824
0.15266119
0.90885717
0.87875754
0.08814235
0.048257507
0.036666546
0.034569807
0.034499437
0.03521948
0.045031644
0.060568932
0.90825707
0.9294209
0.95369256
0.9561254
0.92180336
0.8718029
0.88723516
0.054635383
0.03954684
0.0356976
0.05013092
0.04491519
0.05008475
0.07942704
0.08245388
0.057061926
0.058618214
0.07820664
0.81750304
0.89745885
0.7832086
0.7739288
0.8933927
0.10240775
0.0777935
0.089845166
0.8265196
0.87099314
0.94914585
0.9507332
0.069197565
0.0365344
0.034513775
0.03400437
0.039151665
0.04235894
0.07906809
0.9174648
0.9460302
0.8991892
0.9450203
0.0804745
0.049859803
0.059917025
0.04250558
0.048851352
0.06351787
0.10558825
0.7636141
0.12830056
0.10397573
0.13429084
0.15851945
0.8889431
0.7970908
0.906971
0.116686724
0.086295515
0.067527786
0.06881138
0.094118014
0.86590546
0.13607377
0.12443177
0.14192356
0.9088016
0.92274517
0.94894606
0.91891915
0.9420406
0.061434694
0.03702917
0.034365382
0.037591606
0.04120808
0.05274852
0.120183006
0.15352161
0.8918486
0.15516645
0.13930339
0.102319054
0.12289282
0.8498238
0.92681396
0.8218542
0.8151111
0.09006806
0.064322546
0.08661988
0.06064943
0.059345327
0.057484277
0.108695626
0.11807462
0.8175794
0.21536921
0.12343554
0.14786647
0.8700881
0.9185167
0.8188945
0.7789728
0.82366514
0.14403859
0.08957247
0.083950855
0.08246437
0.08592574
0.0849628
0.108766176
0.88915706
0.84748745
0.92393976
0.92380047
0.78406286
0.10804643
0.09277156
0.13482171
0.12191962
0.83359873
0.9336457
0.943332
0.92727727
0.09642981
0.09370801
0.08160618
0.13464034
0.7968019
0.90796405
0.82735777
0.09724466
0.055794924
0.070008025
0.05227437
0.048320115
0.05336764
0.0642907
0.0517322
0.050575152
0.05372189
0.082302555
0.8411984
0.14213859
0.12679069
0.84809655
0.8707227
0.8561689
0.09181425
0.06288984
0.08248296
0.9032531
0.9111663
0.92317724
0.9472552
0.94202
0.89082676
0.06639756
0.061765667
0.09578388
0.8229276
0.8372817
0.124975994
0.12741932
0.7504642
0.07573676
0.05080015
0.051165316
0.058880035
0.12578425
0.9365364
0.9512931
0.9461401
0.856867
0.06405923
0.046587817
0.0415501
0.059706584
0.07155844
0.10797677
0.06716179
0.0997857
0.058119167
0.049482357
0.04147157
0.042302493
0.06171197
0.8941544
0.9366277
0.94286174
0.89492214
0.90533495
0.1988035
0.27384746
0.8757704
0.8238293
0.76294786
0.8009086
0.23627347
0.16305485
0.80851334
0.8280284
0.82508576
0.92984957
0.08614302
0.047766954
0.04560967
0.078863665
0.051116783
0.06407636
0.06421937
0.1031362
0.10845581
0.8665657
0.9091314
0.29067615
0.14377175
0.1522428
0.89143294
0.8549226
0.7974377
0.82581437
0.11820665
0.094843306
0.1812858
0.9132174
0.92924917
0.12381719
0.12879714
0.16662145
0.060794715
0.06265517
0.08087147
0.07578714
0.069808625
0.08110403
0.17727591
0.1288226
0.11237222
0.17300528
0.73929095
0.7385014
0.750582
0.8041913
0.8411041