0.8642009
0.8823431
0.880232
0.8230717
0.7810632
0.79597104
0.8706152
0.8716002
0.7520949
0.6198061
0.58421063
0.5690635
0.24470492
0.21349901
0.20956825
0.56560034
0.64685655
0.6998895
0.8272821
0.6623733
0.18816844
0.16253912
0.19321077
0.74329585
0.85519683
0.62491035
0.33098653
0.41532066
0.26789558
0.35392743
0.3005519
0.2565646
0.2681374
0.8488188
0.88220876
0.18128769
0.15973961
0.12334263
0.15319414
0.8380853
0.70632064
0.2475318
0.6907079
0.7305205
0.76473683
0.9248595
0.10534401
0.07990043
0.046243336
0.048858885
0.038421214
0.03753523
0.04550723
0.07086066
0.9080587
0.91938865
0.9232921
0.93521214
0.07411166
0.05854939
0.04580585
0.03931458
0.047454663
0.047016818
0.07646253
0.12967423
0.8692613
0.89482015
0.47386286
0.8694688
0.76784456
0.10767128
0.09801932
0.108849175
0.13028261
0.6558404
0.6534125
0.46774477
0.313421
0.56806064
0.57703656
0.59118295
0.6283878
0.6740119
0.7879238
0.406122
0.5024248
0.8706248
0.8917354
0.7321484
0.17414466
0.12725972
0.12499416
0.16353475
0.2528596
0.18874589
0.21897843
0.8739328
0.8975227
0.31246927
0.22793871
0.70843625
0.75853777
0.77889955
0.104297526
0.09367045
0.10546201
0.06146705
0.05823796
0.049521215
0.046593346
0.052974116
0.07109327
0.74973005
0.17885484
0.77020633
0.82519376
0.94181174
0.93959844
0.9560857
0.94563055
0.051085602
0.030517075
0.029559532
0.029017454
0.032080844
0.0518778
0.9242567
0.9566529
0.96339417
0.9538261
0.051912077
0.030502321
0.029262967
0.032182027
0.03380615
0.051910337
0.84242296
0.8886629
0.9439827
0.949042
0.8986795
0.92516
0.06378502
0.042860277
0.043232843
0.06479338
0.9137526
0.92889094
0.9418645
0.8650292
0.8699445
0.08767793
0.059666257
0.07600367
0.87687445
0.934269
0.8731091
0.85914916
0.08309377
0.06451695
0.10913125
0.8986757
0.94875884
0.9545682
0.94723916
0.06200976
0.03339876
0.03174485
0.033539917
0.03622192
0.04586461
0.085873045
0.89305437
0.17462179
0.16019733
0.8745258
0.8854689
0.86419797
0.90023357
0.07608414
0.044598997
0.040696114
0.047642447
0.07112519
0.106835194
0.85341835
0.10144165
0.06181686
0.052909806
0.055860974
0.08717446
0.09463932
0.11774668
0.19254135
0.17971884
0.89709854
0.78498274
0.22594795
0.3195325
0.76947707
0.109300226
0.0859113
0.12913333
0.21144158
0.112732165
0.107209854
0.13401768
0.07454732
0.07398219
0.074974224
0.12550025
0.1322581
0.16645515
0.8927543
0.1432097
0.100957125
0.1462242
0.91757697
0.8942106
0.08476678
0.046092376
0.035748523
0.034022614
0.033962045
0.0347913
0.04493293
0.060752742
0.9108439
0.929824
0.95388013
0.9562589
0.92079026
0.8712446
0.8872708
0.0545944
0.039404847
0.03546049
0.049367893
0.044266686
0.049080357
0.07509599
0.077092044
0.054277994
0.056277126
0.07983962
0.8582114
0.9188179
0.8262254
0.14124888
0.15533118
0.09448223
0.06360551
0.0654766
0.10235977
0.83211803
0.93437016
0.94329923
0.3333693
0.07366392
0.067143515
0.050715603
0.04795762
0.06242575
0.07592867
0.8446162
0.8890022
0.9249905
0.89185375
0.9079062
0.8296407
0.83267486
0.9097351
0.86726475
0.0992017
0.10961507
0.08029325
0.059368294
0.09476144
0.08934268
0.14537364
0.830345
0.9046032
0.8046486
0.8997756
0.10792434
0.090883255
0.08216871
0.110192776
0.8844445
0.20623226
0.07754404
0.079344876
0.10186415
0.91659385
0.9286984
0.94978184
0.9082649
0.9405471
0.060300034
0.036767438
0.035079107
0.042081304
0.042366717
0.051030815
0.10946106
0.14344883
0.8977854
0.13162245
0.108636595
0.08106451
0.10301828
0.87092936
0.9284798
0.82038236
0.8024712
0.08841817
0.07090486
0.098658
0.10995902
0.77780795
0.76661515
0.9190333
0.09877866
0.0516476
0.060943842
0.04366692
0.04817206
0.061923906
0.849616
0.8840828
0.9338876
0.940604
0.9203766
0.9220041
0.8439883
0.8140098
0.15117711
0.22349268
0.8860361
0.943358
0.941372
0.07461591
0.03607855
0.031581808
0.03461898
0.05726154
0.93228656
0.9549642
0.9597663
0.94896764
0.058667198
0.034608737
0.035414718
0.04648311
0.08129979
0.88959587
0.26548398
0.21157847
0.9021001
0.88411224
0.09956764
0.10363579
0.051210128
0.057579532
0.05349896
0.051067885
0.05531273
0.05507203
0.06136968
0.071637295
0.07141946
0.08472417
0.095982574
0.1504272
0.7883302
0.88109976
0.8101674
0.9019899
0.9049895
0.78204453
0.8954542
0.09576557
0.06586553
0.06221367
0.049924687
0.05867103
0.074932754
0.109105125
0.07990049
0.0978815
0.14723821
0.85816646
0.16228582
0.1611707
0.14845523
0.14173856
0.91955066
0.9079045
0.09697907
0.04995945
0.05450632
0.0648456
0.16564485
0.923969
0.9206711
0.9078367
0.91637063
0.93660676
0.8640284
0.8669234
0.0637142
0.049183562
0.03894825
0.044747278
0.087124825
0.92891747
0.93096375
0.84592736
0.09390815
0.09216064
0.12821816
0.85162926
0.88319314
0.10838192
0.095675305
0.066959254
0.038482554
0.037931126
0.052888613
0.12776119
0.9492033
0.95841646
0.94478744
0.13860326
0.07885681
0.0373704
0.03747392
0.044842154
0.06502716
0.115313165
0.8515278
0.20850596
0.24257994
0.18558142
0.8890255
0.90305054
0.1293565
0.13508114
0.15590383
0.21217242
0.7578316
0.2537079
0.2827024
0.20791589
0.759546
0.792571
0.86168945
0.74331427
0.71298367
0.27243763
0.27403876
0.12950844
0.1449484
0.24815294
0.17100126
0.3017955
0.8979407
0.92183733