0.7374
0.22377951
0.14734276
0.11222032
0.118950844
0.13495398
0.1264897
0.11973161
0.21998924
0.8310355
0.92163616
0.92552114
0.84790766
0.8724994
0.19803122
0.25300527
0.22781813
0.6994036
0.28830215
0.861969
0.9009752
0.12849793
0.12185037
0.12632774
0.8667767
0.28561282
0.17537194
0.8018894
0.9339344
0.08145541
0.048998635
0.044777874
0.04726125
0.051279552
0.056199875
0.042560652
0.043341592
0.038302943
0.04673086
0.081604436
0.93474215
0.949903
0.9643007
0.96068627
0.08368497
0.053038
0.039065354
0.0398825
0.04658018
0.057488985
0.084632725
0.09800579
0.101094104
0.104705006
0.11128869
0.85675263
0.921458
0.107532695
0.071558975
0.06253914
0.07000392
0.09448581
0.76743937
0.7805866
0.88382524
0.72819555
0.26627058
0.56975806
0.19477902
0.2151926
0.25879624
0.8065749
0.7356754
0.77664846
0.8819496
0.8851191
0.77866876
0.8225447
0.23273034
0.18931846
0.21289976
0.26564014
0.17984453
0.1724426
0.27104384
0.8814283
0.9008697
0.32887542
0.23390472
0.70639044
0.7554698
0.7724172
0.09653895
0.080384605
0.07255231
0.056154102
0.08245945
0.07277667
0.10684835
0.8922092
0.101960294
0.07583037
0.06283312
0.106065445
0.9036151
0.9454533
0.9393942
0.9538048
0.94468
0.050916295
0.03150783
0.02745058
0.027240619
0.033123385
0.051690523
0.9254431
0.95615315
0.9629575
0.9544457
0.057459656
0.0367556
0.028773315
0.028205102
0.032522835
0.04967863
0.83124757
0.8943531
0.94110054
0.94623893
0.9114731
0.9166537
0.14898288
0.08571787
0.14656772
0.14832214
0.8813947
0.86162835
0.93077046
0.93247443
0.85154307
0.06813878
0.043687034
0.055574637
0.05459098
0.08524143
0.8507552
0.08403054
0.047759328
0.04276309
0.04325492
0.06599694
0.90973574
0.91881263
0.95310503
0.91624093
0.072384365
0.056579128
0.07613017
0.10234426
0.87479603
0.33055958
0.8770196
0.095971815
0.06968848
0.066996984
0.06255657
0.103589095
0.8738665
0.92385715
0.9348108
0.9221332
0.83513594
0.83157206
0.8864476
0.8767904
0.9138776
0.91058975
0.82272565
0.7525424
0.8035868
0.07780918
0.058552332
0.08109364
0.093283385
0.21751826
0.37128806
0.32068735
0.8722899
0.7827587
0.220478
0.31863
0.12538262
0.090241626
0.09472472
0.14389563
0.12541552
0.09916892
0.116466284
0.09766927
0.10442156
0.07845501
0.07786177
0.15929592
0.15884683
0.18575564
0.8897064
0.14421275
0.10290089
0.14815968
0.9151531
0.8902268
0.086227976
0.047969423
0.03789044
0.036678053
0.042402044
0.06296079
0.09148651
0.8944149
0.21274391
0.2758765
0.9332874
0.9575138
0.9399732
0.9492626
0.057677243
0.033285554
0.031848606
0.041310474
0.05828001
0.04726127
0.049611542
0.073171556
0.07591864
0.055129617
0.061035164
0.09328052
0.92718446
0.93316287
0.825339
0.124974236
0.13499187
0.08936337
0.076443225
0.09063215
0.20354043
0.2782111
0.9052002
0.1501755
0.07026829
0.06870581
0.056939386
0.05652242
0.07458585
0.08693937
0.83935004
0.8846752
0.9229953
0.8887719
0.90547293
0.82601583
0.82835716
0.9054287
0.8575369
0.11208612
0.13087086
0.09338343
0.06777632
0.10689176
0.09557984
0.11220849
0.7890091
0.8966764
0.8011456
0.89510816
0.12186509
0.106424235
0.09471748
0.12096808
0.8788093
0.2277905
0.08674483
0.091327794
0.11327587
0.9128083
0.9236834
0.9470079
0.90301865
0.93826467
0.062827855
0.038902175
0.03748456
0.045514256
0.045177057
0.05565156
0.124405704
0.1548852
0.8924104
0.15131898
0.13464755
0.099419594
0.12067949
0.85481256
0.92427284
0.8104271
0.7850068
0.09485297
0.07914123
0.11714903
0.12462547
0.7690961
0.78535193
0.18386939
0.07498249
0.057069704
0.08193142
0.06876482
0.094123706
0.24690673
0.92216665
0.8924445
0.885411
0.93676376
0.93423355
0.16301787
0.1239242
0.07991103
0.06859835
0.056879606
0.05803379
0.107180156
0.8552135
0.93366224
0.9357083
0.8222327
0.08505297
0.06264762
0.05359652
0.070982866
0.87273145
0.9392007
0.9469119
0.93290544
0.08743094
0.06705231
0.06750667
0.1196216
0.84333783
0.92014354
0.92079407
0.77952594
0.67644083
0.2656691
0.166275
0.17183542
0.43039632
0.8757572
0.16906698
0.13060987
0.10510126
0.10885509
0.14532028
0.13025966
0.15788236
0.20050769
0.21306549
0.3568413
0.40806395
0.2685835
0.30416718
0.835038
0.8011768
0.81504107
0.90990245
0.91353756
0.8146097
0.7352275
0.7304491
0.091101564
0.07151607
0.10343835
0.1282475
0.12607634
0.084245384
0.07135679
0.0664233
0.08900637
0.7327428
0.23384118
0.3270613
0.9219186
0.9371306
0.26253328
0.07738694
0.08802813
0.087134525
0.08502215
0.8094763
0.8506388
0.8943203
0.9464404
0.94220644
0.20291178
0.095880255
0.071141966
0.048064455
0.060609423
0.8753251
0.94056565
0.94115335
0.40125468
0.38135913
0.908991
0.080567
0.069566615
0.05864011
0.041029617
0.03292969
0.037853587
0.038605563
0.06035457
0.92280823
0.95306194
0.94010746
0.9108912
0.88816077
0.054826163
0.03440967
0.034797404
0.036956977
0.05082315
0.06263638
0.09964974
0.82796067
0.2924399
0.86510426
0.2749424
0.26800844
0.83693403
0.8086007
0.91709566
0.09330538
0.05484845
0.064612284
0.07586782
0.08622698
0.081866324
0.14454024
0.18082282
0.14398777
0.24611914
0.8936208
0.88072485
0.2725517
0.25423396
0.7021079
0.695256
0.68614584
0.15194437
0.1288023
0.13090657
0.24986117
0.61451143
0.85795885
0.7461383
0.39583725
0.37778887
0.19885023
0.21229623
0.33513492
0.7984866