0.8422719
0.7360719
0.3185722
0.24638066
0.27645412
0.24092227
0.23530696
0.4775681
0.23972867
0.2151646
0.2072548
0.5021079
0.2702762
0.22201695
0.20460325
0.2930461
0.41783726
0.85308325
0.8696991
0.40269205
0.37126017
0.16974169
0.23683175
0.14338684
0.09571925
0.08539707
0.14829935
0.15464275
0.10330905
0.12930779
0.14118822
0.8870528
0.21655357
0.09481597
0.11542826
0.13720348
0.8301753
0.12872271
0.062447686
0.06665244
0.07984733
0.12992099
0.8973845
0.112076275
0.09561657
0.0834521
0.113914706
0.88822037
0.9097866
0.9495111
0.9439928
0.10221792
0.07877147
0.07258268
0.08338122
0.8598875
0.92600185
0.18240172
0.12947387
0.12753814
0.10454851
0.16632959
0.89944327
0.1136668
0.06939173
0.06813984
0.0838835
0.09456386
0.11649492
0.13827825
0.6828678
0.31515828
0.4619001
0.2854384
0.28649777
0.5329261
0.30978394
0.5131075
0.29136682
0.25181723
0.28928834
0.44353116
0.8326712
0.85136116
0.6339452
0.25829294
0.2023793
0.21061595
0.24451119
0.32373267
0.24084029
0.2384722
0.3526262
0.84358436
0.863991
0.40409797
0.29284263
0.6838627
0.7402033
0.7668469
0.10204779
0.067550234
0.07895405
0.07321343
0.09688785
0.065128565
0.058511157
0.06132276
0.04826352
0.060932707
0.064132415
0.11873596
0.89053744
0.9408817
0.91840035
0.95222497
0.9469776
0.053831156
0.03019478
0.027673341
0.027770482
0.03380582
0.05223071
0.92186123
0.9569431
0.96391153
0.95491344
0.052877773
0.029926216
0.02790206
0.028280757
0.03355445
0.05247756
0.8211634
0.8788919
0.9361638
0.9409643
0.8944002
0.9234517
0.8487671
0.8706043
0.10359764
0.0465015
0.050434392
0.041541617
0.037055794
0.049382582
0.05535149
0.0883595
0.1424523
0.9411305
0.948998
0.9567536
0.9271591
0.05718469
0.035152346
0.03872613
0.037195
0.06493473
0.93356717
0.9437292
0.95571166
0.91318315
0.052922234
0.035939075
0.03673931
0.04241233
0.07423274
0.920134
0.931552
0.18041712
0.10860626
0.12471902
0.10324931
0.084946066
0.19989492
0.92600805
0.93756694
0.14583597
0.06461927
0.074116595
0.07465648
0.054970816
0.063704066
0.086202025
0.18904643
0.84344155
0.12160461
0.081588425
0.106465854
0.1127478
0.10103785
0.11897292
0.18884075
0.8719942
0.77142763
0.2481216
0.36704636
0.13710442
0.09527375
0.09756735
0.14539124
0.12651314
0.106107965
0.13543616
0.18546411
0.1013133
0.11549722
0.10539125
0.15951608
0.119835325
0.110028274
0.1269695
0.06956187
0.06811233
0.11335465
0.9244695
0.8881061
0.10190818
0.06412089
0.057069853
0.07665905
0.77136576
0.13551381
0.13463052
0.85977095
0.21061142
0.2857756
0.9256723
0.9525895
0.93456584
0.9401963
0.06764462
0.044791054
0.05508557
0.09482876
0.89513844
0.09862705
0.059912004
0.08185384
0.08170006
0.054268595
0.04902286
0.050739706
0.07622663
0.15281163
0.8380585
0.8281505
0.21332037
0.12543483
0.08854308
0.14968301
0.14609718
0.79343265
0.928398
0.10317721
0.04714205
0.0436326
0.038090926
0.037799194
0.046793234
0.0627695
0.8802779
0.9126693
0.9350557
0.9105915
0.92039937
0.8447665
0.8437147
0.91523993
0.87609977
0.08803615
0.09804216
0.06960218
0.050189137
0.07635529
0.066437945
0.083716795
0.8279416
0.90557545
0.815928
0.91391057
0.09416698
0.07306974
0.06688154
0.09991791
0.8939795
0.20427372
0.070635356
0.070550844
0.09442381
0.92144877
0.93538713
0.95162016
0.90072936
0.9407453
0.05860493
0.034943465
0.032676615
0.038035374
0.03936308
0.045472123
0.08182637
0.12372648
0.9064162
0.11121721
0.079818584
0.0624322
0.08416408
0.89064455
0.93646175
0.84409845
0.8644362
0.08070199
0.06137787
0.083524935
0.101708464
0.83197355
0.8524652
0.13866647
0.05557993
0.043197848
0.053949095
0.049263302
0.07199147
0.20207122
0.9307782
0.90862334
0.8952943
0.9406599
0.9381432
0.13180017
0.1081241
0.067749575
0.05732341
0.04531467
0.046057545
0.08485094
0.8823095
0.9359621
0.93632543
0.84674186
0.070549555
0.048470076
0.044449475
0.06198294
0.8891595
0.9428222
0.9495979
0.93737537
0.0762621
0.051531035
0.050462067
0.08632488
0.87307775
0.91856235
0.919884
0.83006763
0.8122621
0.8794763
0.83876693
0.82722205
0.9024608
0.3352217
0.07531189
0.07212829
0.06941487
0.093951985
0.74136895
0.14118586
0.13729161
0.18347968
0.25787273
0.87140036
0.87726283
0.75577164
0.75340194
0.822023
0.77035165
0.7908575
0.8877526
0.9159263
0.9125831
0.879636
0.88989353
0.81106305
0.7651069
0.18864274
0.1407615
0.114631385
0.15132003
0.22604108
0.19756627
0.19038987
0.28594312
0.6072926
0.84744716
0.56358224
0.3410294
0.69748884
0.7046962
0.6752697
0.6739416
0.32626435
0.45796034
0.87667906
0.8976908
0.13700074
0.14086142
0.08592971
0.06138241
0.06937738
0.8398909
0.9215802
0.9395374
0.9440479
0.9443602
0.93706703
0.89188707
0.14785889
0.065077424
0.047841985
0.03490666
0.0380794
0.042091552
0.07172414
0.89602363
0.8816407
0.9133104
0.07940958
0.04584685
0.05053861
0.0468466
0.076623216
0.1094337
0.12843797
0.87011343
0.8875372
0.91999394
0.8656527
0.83747536
0.8337128
0.8237065
0.8996144
0.10553005
0.080796786
0.14509532
0.15037435
0.14816613
0.8376964
0.19069222
0.22890992
0.1773819
0.29167756
0.5816206
0.88445276
0.19112924
0.095683746
0.07697393
0.07270669
0.07565152
0.10406576
0.13496892
0.17631318
0.8177059
0.91209155
0.9210648
0.87069666
0.8731742
0.8919086
0.83247346
0.79052687
0.81024724
0.82132494