0.45636263
0.30106032
0.28321055
0.33551082
0.3720207
0.39744455
0.55371785
0.3851552
0.29199898
0.31571293
0.27693138
0.3184601
0.33839074
0.34781384
0.35116112
0.35452798
0.36062375
0.37700456
0.5299475
0.5506705
0.5322964
0.37579525
0.30344898
0.43064055
0.35447732
0.47299227
0.3540203
0.32184875
0.2674527
0.28618208
0.28235433
0.24296005
0.25680918
0.2224759
0.22642939
0.2858774
0.3382115
0.40076968
0.6991927
0.52941585
0.27200097
0.24662438
0.28155127
0.3015541
0.46450955
0.45599335
0.27372903
0.1975247
0.18765578
0.17027083
0.20305389
0.17565447
0.16950879
0.16632535
0.49695963
0.24506022
0.19511747
0.24924754
0.6510057
0.7137403
0.7467246
0.7898761
0.11233925
0.060521636
0.055044565
0.050520316
0.054432414
0.05219084
0.052307066
0.060527522
0.09718704
0.1042144
0.8295207
0.8168197
0.8373761
0.87981755
0.09105702
0.05559728
0.043418214
0.045250032
0.05798603
0.09778431
0.89965403
0.8131545
0.83092743
0.10596402
0.0589517
0.046645965
0.050849803
0.056058977
0.0887603
0.78824216
0.81819254
0.16495973
0.15106693
0.7929102
0.086139515
0.048101503
0.043892596
0.040686812
0.040040884
0.046500433
0.07151644
0.9014231
0.92381614
0.11362079
0.07900093
0.15164493
0.9129573
0.9460119
0.95394915
0.94946235
0.91231334
0.07013534
0.056237232
0.07787853
0.7949767
0.79524934
0.84947866
0.08652478
0.07013455
0.051175013
0.05867329
0.1296714
0.84108776
0.7853689
0.15999447
0.13963114
0.6876351
0.20296015
0.270102
0.8207912
0.91743267
0.10896081
0.07227592
0.06054601
0.072243
0.08330594
0.12871508
0.7747761
0.89819264
0.8890903
0.46613082
0.28464493
0.24918966
0.27545732
0.6273114
0.7241874
0.8548558
0.8572292
0.7077301
0.40432206
0.38264754
0.7512384
0.40710622
0.24809682
0.26657012
0.2013173
0.17895336
0.19678873
0.14313467
0.15225118
0.12812974
0.14164722
0.27058417
0.18563731
0.2227199
0.73389775
0.77784914
0.81463826
0.83154184
0.8362284
0.83112735
0.8138743
0.7740722
0.74184304
0.72690064
0.709321
0.29779342
0.22322221
0.35447383
0.8497029
0.84873325
0.82835954
0.81590223
0.80856717
0.8005927
0.7846871
0.763284
0.78713197
0.85887295
0.8222495
0.7994489
0.7949883
0.8064727
0.23473716
0.0937858
0.075203024
0.06415082
0.054751117
0.056700207
0.06849826
0.084800586
0.07472099
0.09937849
0.78866553
0.1887202
0.27900577
0.28356764
0.85740054
0.8900536
0.9007781
0.9069268
0.91537416
0.9007461
0.89900523
0.9062037
0.8879877
0.87475216
0.8825846
0.9036854
0.8883463
0.86531985
0.85392845
0.8459065
0.8370698
0.8308448
0.83160436
0.8379406
0.8323522
0.8271016
0.8956458
0.074743524
0.042324893
0.036458757
0.03725417
0.044123992
0.07609147
0.90615064
0.8720063
0.9130113
0.08185203
0.044476904
0.047795247
0.0412046
0.050391626
0.041122694
0.038404558
0.04156459
0.041322112
0.06511625
0.9189577
0.9137366
0.9330605
0.9149365
0.9398323
0.9451224
0.93742937
0.9288284
0.0702021
0.049838305
0.07539733
0.053463876
0.097404696
0.10901274
0.12130051
0.7850271
0.12135626
0.091691524
0.133688
0.07486931
0.08380447
0.10740074
0.14371789
0.86476856
0.1535854
0.10947487
0.097663485
0.105058156
0.13471024
0.17661954
0.81488
0.30845246
0.39308697
0.1900148
0.18134542
0.2980831
0.24646726
0.32008952
0.80140734
0.6887777
0.18962958
0.13120484
0.13743865
0.15229382
0.17725122
0.5024611
0.8782097
0.9113158
0.91823286
0.9133927
0.8983062
0.8687523
0.15720706
0.116448864
0.14037962
0.837246
0.9241247
0.92152834
0.84727716
0.089430794
0.061952133
0.04993253
0.061301745
0.06387768
0.09737363
0.13173321
0.75890917
0.4514439
0.24277657
0.31175938
0.18329896
0.1590579
0.18297413
0.4220969
0.7316028
0.8099125
0.24213764
0.17771454
0.20910573
0.33138284
0.63114417
0.26928085
0.3372784
0.24656278
0.28737667
0.7647566
0.65797144
0.6481289
0.71077293
0.84255916
0.8406378
0.31617233
0.2557327
0.2678003
0.7448261
0.8131574
0.90573305
0.9262337
0.92443717
0.8980978
0.45702395
0.36232978
0.3564191
0.29330713
0.15258114
0.20129277
0.12837678
0.14183086
0.26232
0.19320223
0.40115458
0.4219677
0.23501681
0.36056343
0.2653074
0.6356948
0.45438838
0.65783435
0.21943294
0.3503754
0.15261976
0.12900211
0.15122211
0.86958814
0.103930905
0.06798294
0.054735318
0.09233278
0.06007612
0.076123
0.88297576
0.90506095
0.9520054
0.930047
0.14275593
0.041671198
0.035049107
0.034447934
0.051426813
0.87358713
0.8972781
0.9231216
0.9498584
0.9543357
0.9476561
0.8762456
0.8752355
0.052638285
0.03535416
0.03323367
0.039227434
0.047999617
0.051795773
0.055079367
0.06059396
0.057486687
0.049783327
0.048530646
0.046596847
0.0558156
0.15157028
0.919955
0.88169736
0.92310566
0.88071495
0.90392566
0.4036516
0.29921702
0.25873294
0.17299443
0.2612623
0.29456782
0.2882461
0.20886433
0.2999021
0.26680282
0.5712031
0.83893067
0.74665827
0.5778253
0.50943255
0.39122215
0.19502017
0.16660568
0.20524648
0.78625345
0.1800385
0.14174058
0.15323175
0.7247271
0.8984281
0.9292073
0.9262225
0.87972814
0.2576924
0.20548445
0.2800257
0.8568384
0.90808904
0.91067976
0.8819678
0.909051
0.9192399
0.9181191
0.8995541
0.7630037
0.09424009
0.09969476
0.10769813
0.73464483
0.16977459
0.09864486
0.12936924
0.87919825
0.7870127
0.7243444
0.7256866
0.72943145
0.776158
0.7768506
0.8252323
0.09890982
0.088119954
0.12039099
0.7621623
0.10878755
0.09492461
0.1129786
0.76005936
0.8370085
0.8647406