0.8629113
0.7824418
0.28517327
0.2367233
0.31437594
0.28756335
0.29882297
0.3534319
0.72481525
0.78624666
0.8215744
0.86278176
0.8996364
0.8573304
0.82376796
0.8608671
0.19689742
0.21898468
0.23324406
0.20203127
0.17150015
0.26093295
0.7203624
0.6848198
0.5852651
0.40558404
0.50269955
0.50870705
0.40084106
0.3519309
0.29364038
0.28866336
0.39499825
0.44672728
0.35050914
0.57348365
0.39325702
0.4384253
0.588475
0.7698527
0.64258176
0.4573578
0.4264587
0.44011837
0.6070545
0.74158907
0.5147041
0.3089727
0.28305233
0.38371983
0.38081703
0.26870605
0.2573175
0.2978837
0.5538587
0.50712025
0.52799946
0.5553068
0.65184623
0.6339295
0.4703673
0.36222607
0.22494236
0.20847048
0.3033385
0.67749035
0.69977707
0.7310962
0.8093334
0.89913756
0.8207808
0.14046186
0.07492685
0.07426127
0.11913076
0.18357517
0.77252185
0.8650657
0.26836917
0.2901061
0.19903487
0.17712243
0.1679309
0.17239708
0.17413132
0.7411422
0.78217983
0.8149813
0.107102424
0.058590952
0.058652297
0.061638854
0.10756671
0.18698569
0.8578971
0.1446199
0.073915325
0.05860469
0.086947784
0.09756029
0.06937335
0.10436675
0.92553174
0.8603563
0.9448605
0.07659947
0.040954128
0.04031065
0.050639313
0.06779166
0.13634497
0.9176731
0.15309867
0.06870021
0.04248278
0.04000265
0.056863133
0.9019541
0.9414492
0.95465165
0.92950255
0.07982237
0.05438884
0.068855226
0.8756445
0.9215249
0.9259761
0.89783454
0.90044814
0.074673116
0.064747356
0.100812785
0.8148727
0.0780602
0.049452227
0.046711575
0.06254256
0.12689275
0.93210196
0.8842823
0.11561351
0.062543765
0.061139174
0.06175821
0.055791866
0.05538487
0.053923793
0.059598763
0.07266992
0.0815675
0.07374224
0.07601216
0.18275903
0.8569059
0.8601631
0.85486776
0.84310514
0.83258295
0.8132255
0.78760695
0.75815463
0.7634911
0.77915424
0.7995035
0.8229961
0.8431001
0.8574306
0.8665641
0.87130636
0.90603375
0.26352587
0.18631293
0.07960479
0.065089524
0.08519392
0.12678304
0.7926429
0.7940303
0.7485861
0.3392109
0.48635182
0.5308506
0.5403865
0.52751875
0.43462518
0.42070717
0.8315744
0.8575727
0.8983544
0.88657784
0.76030207
0.6199077
0.33837345
0.36253604
0.40923995
0.86358905
0.9188828
0.92453986
0.91423947
0.87410724
0.33194908
0.39130712
0.3740374
0.8071834
0.67877567
0.20100363
0.17412186
0.17407098
0.31746325
0.41945997
0.27744472
0.69593066
0.38846496
0.19967262
0.16983391
0.3167401
0.7808431
0.79919004
0.78721714
0.7944286
0.78854084
0.81787103
0.24245396
0.13786328
0.05476347
0.042549297
0.03931681
0.043862242
0.04951975
0.08130289
0.8854375
0.90343666
0.94829756
0.8748239
0.89524883
0.07784652
0.047602486
0.04419064
0.05441355
0.093590856
0.8749326
0.087716065
0.05185163
0.057546504
0.07220574
0.07804542
0.9047562
0.9180169
0.9184368
0.89457524
0.8892692
0.8914446
0.86058795
0.8834749
0.060306083
0.04111552
0.040278554
0.044084415
0.076966755
0.8743391
0.8538969
0.8621042
0.86095566
0.20040594
0.14682035
0.076635666
0.10640061
0.10670386
0.8300543
0.8528575
0.8817351
0.92035824
0.86022836
0.83317447
0.84840184
0.2744387
0.0915631
0.15034392
0.061218545
0.06057629
0.098564476
0.13363099
0.15334381
0.15146
0.12813172
0.121095575
0.21761516
0.73626935
0.21140641
0.21428859
0.19998021
0.16940081
0.16408579
0.26162884
0.67620564
0.65743977
0.640204
0.1964642
0.16763432
0.17289037
0.697428
0.7810092
0.8089384
0.8398225
0.9055426
0.8860523
0.20962256
0.1648067
0.20564927
0.69130975
0.76870745
0.8134748
0.83574474
0.83848757
0.82643974
0.80742234
0.8152074
0.83863443
0.8716329
0.89837825
0.8676692
0.82534575
0.8213905
0.8397368
0.8654755
0.9133086
0.84345603
0.08340533
0.053169385
0.06282053
0.07058675
0.08691217
0.13873318
0.8661319
0.83629966
0.84751785
0.8794572
0.9460202
0.9118272
0.07333201
0.043403696
0.034013383
0.038531076
0.041396167
0.04168045
0.040243614
0.042674746
0.037933093
0.04466406
0.044532273
0.09570778
0.9461651
0.9578361
0.9662911
0.96197844
0.10497913
0.03524567
0.033266243
0.036040395
0.040634867
0.04229689
0.049646847
0.06831278
0.07523112
0.05764633
0.09381126
0.14660892
0.8980451
0.93436253
0.9385287
0.8956858
0.92779064
0.92638385
0.13320377
0.07188512
0.098845065
0.05467983
0.05478748
0.056237448
0.09588408
0.15201484
0.20097362
0.7927221
0.16768104
0.118360765
0.16605966
0.18710877
0.18648049
0.15876254
0.14914288
0.24169698
0.7026582
0.6876631
0.54143715
0.52299607
0.46341464
0.29008976
0.22169857
0.21099053
0.64469403
0.21665512
0.23378485
0.2342199
0.18665715
0.20737776
0.47327903
0.7090827
0.8952024
0.92010105
0.9037005
0.769018
0.638987
0.314481
0.41612208
0.46652168
0.8078031
0.88981557
0.83503985
0.80299616
0.7995706
0.7905355
0.416067
0.19434972
0.13556758
0.16807719
0.091407366
0.06521764
0.053975947
0.0649461
0.22986445
0.8857217
0.39425743
0.8599107
0.91959447
0.9128862
0.8935289
0.8758742
0.8660408
0.8602822
0.86834806
0.8685127
0.8462868
0.24398111
0.7742022
0.095353395
0.056040052
0.053433154
0.058453444
0.1314701
0.23665446
0.8979157
0.81951475
0.8332593
0.9167299
0.91522056
0.7962816
0.7804351
0.08899197
0.07454582
0.077148855
0.110473596
0.11596414
0.8762736
0.13079457
0.054005586
0.054737423
0.06615419
0.05168133
0.0448362
0.041326795
0.054159805
0.12841153
0.93635076
0.95408833
0.94471586
0.90659076
0.91292894
0.08239989
0.07021929
0.043242946
0.06823428
0.08142523
0.07109265
0.07847544
0.05680629
0.061300058
0.06130232
0.08337014
0.14463244
0.19402635
0.15134263
0.81351936
0.822525
0.80374056
0.8125402
0.81949914
0.8430369
0.9301931
0.93413013
0.8618223
0.08791773
0.048240867
0.045338996
0.040956546
0.06168406
0.059370704
0.060141988
0.07051657
0.054257587
0.09467742
0.9318573
0.94008344
0.95803934
0.072654106
0.03904204
0.037575703
0.041080095
0.057718452
0.05332384
0.04732737
0.04942529
0.055952944
0.13215154
0.8722975
0.9283987
0.9329983
0.87056404
0.92121935
0.9180205
0.8157083
0.09691658
0.05311474
0.05049698
0.070019685
0.10761442
0.09386569
0.099980734
0.12166045
0.8090376
0.29824927
0.82236314
0.49616647
0.93124455
0.9245571
0.10495834
0.049473073
0.037680343
0.04339518
0.038766604
0.043565653
0.047853924
0.03919049
0.044063367
0.09129741
0.94744897
0.96144164
0.9462617
0.067135945
0.036310215
0.033124518
0.036487564
0.03976047
0.04176102
0.04778866
0.062326618
0.109670125
0.16063815
0.91607994
0.8056326
0.38681784
0.7917344
0.565738
0.8946522
0.3910194
0.24844158
0.17795986
0.09152528
0.06636067
0.06859697
0.09582388
0.2583407
0.914543
0.19091067
0.07331736
0.06624279
0.05374771
0.05199094
0.06511274
0.054288607
0.06861356
0.13608804
0.27482432
0.9478285
0.95427567
0.08730885
0.05620167
0.03373741
0.0338523
0.031620886
0.033753578
0.037378028
0.06223489
0.9111184
0.92872906
0.9419155
0.95795816
0.9367653
0.9298237
0.09417258
0.038261067
0.043960296
0.034877498
0.0433461
0.042438846
0.061117772
0.119641185
0.92311835
0.84081334
0.2535489
0.26689646
0.8353292
0.20001477
0.073508054
0.08264026
0.08726652
0.06966427
0.11975389
0.112689756
0.22819349
0.79537404
0.8052308
0.90749973
0.84263736
0.20116499
0.21611357
0.063256904
0.052242443
0.07140957
0.054488905
0.050463937
0.056178212
0.056250963
0.06287505
0.07135029
0.04620788
0.04686434
0.04241365
0.076889105
0.13771695
0.927415
0.9399584
0.9505465
0.960204
0.9541686
0.076144144
0.042106744
0.03434938
0.04291427
0.041145664
0.05222315
0.07413386
0.05626857
0.10262839
0.13457635
0.91780686
0.83614534
0.9267516
0.10684584
0.077963844
0.05608329
0.056873277
0.07182078
0.07867102
0.10253243
0.13422555
0.1624361
0.904836
0.29010049
0.09494698
0.122812666
0.08070414
0.066873565
0.08592544
0.14378585
0.934461
0.89834
0.08340066
0.055207666
0.04818095
0.044112485
0.050673503
0.05436195
0.050238747
0.06372504
0.06942972
0.09990485
0.900731
0.14942893
0.068287514
0.08932368
0.1177866
0.20414354
0.9470211
0.9605986
0.95841205
0.11643379
0.049435787
0.046250634
0.052591506
0.09010171
0.8394284
0.09620167
0.072033145
0.05908944
0.054525062
0.07751548
0.09890418
0.8362084
0.8129321
0.83428186
0.15166515
0.17000423
0.14987804
0.09364513
0.15966278
0.16380192
0.08204879
0.12730458
0.10625724
0.10019524
0.15031484
0.7374531
0.23604499
0.38756508
0.63627243
0.890517
0.8723507
0.8323053
0.8234148
0.87352043
0.84000295
0.8726881
0.8429659
0.8992046
0.90216637
0.80566674
0.17204781
0.1925609
0.86997384
0.08727347
0.05212755
0.046711467
0.053311646
0.060447525
0.05351911
0.07542044
0.07442329
0.09380435
0.8519715
0.89308053
0.08665192
0.051695038
0.039464515
0.03838717
0.04331894
0.062056758
0.9160596
0.9461464
0.9582452
0.94992983
0.0870728
0.04276851
0.041170944
0.075176604
0.9130532
0.9350178
0.95235074
0.94431895
0.081865594
0.049653232
0.05527185
0.11204698
0.9173797
0.8759455
0.0872336
0.08624247
0.086564094
0.08046786
0.10089856
0.15920018
0.9172564
0.8510131
0.11900854
0.121699035
0.086368576
0.078489125
0.14539716
0.1531046
0.074785255
0.074370496
0.12534854
0.8829403
0.13750884
0.11270361
0.13875993
0.08492661
0.11895838
0.8627102
0.23083773
0.34460133
0.9138407
0.8797064
0.88093156
0.18763997
0.06462355
0.052203856
0.06277386
0.116136365
0.8127574
0.75321656
0.7356668
0.7322113
0.27642742
0.23517948
0.19602254
0.40524638
0.9011625
0.92347413