0.86366534
0.854867
0.8008959
0.7565386
0.7968914
0.58099943
0.29555947
0.27114195
0.27129748
0.54169816
0.5712272
0.24698943
0.1893132
0.19319673
0.19555819
0.196821
0.32546353
0.22129017
0.19547963
0.1788458
0.20302606
0.3559439
0.84151614
0.84655994
0.3966819
0.4578777
0.33472195
0.7770172
0.29545835
0.20692183
0.2008563
0.8434528
0.8843883
0.14342082
0.13603124
0.12633918
0.6761294
0.2619078
0.7166446
0.1405348
0.13868819
0.74989456
0.9292552
0.11816341
0.05496611
0.053039968
0.04155126
0.04202705
0.03892789
0.039204847
0.050734233
0.07561618
0.9139116
0.9164587
0.9129776
0.92697024
0.064005375
0.03937896
0.034875404
0.03630606
0.059393864
0.09657371
0.90991527
0.9349349
0.88121796
0.14374214
0.10948177
0.17363344
0.74743086
0.14471212
0.15918691
0.67213935
0.27813742
0.66743904
0.21562673
0.2688947
0.21636419
0.6146937
0.6001236
0.59931743
0.62953913
0.6841029
0.7982061
0.7220351
0.7602892
0.8703583
0.872436
0.7070225
0.2184144
0.16626221
0.16617201
0.21305102
0.31683034
0.23462844
0.26561466
0.8527541
0.88303244
0.3432979
0.25026223
0.70105815
0.75720817
0.77913755
0.097439796
0.07682506
0.0604103
0.061670016
0.07819471
0.104444794
0.06898084
0.06354005
0.05083043
0.043253403
0.041031606
0.0456151
0.07409279
0.9258586
0.8987751
0.9546865
0.9530182
0.05996784
0.034279056
0.032472163
0.03128043
0.03371121
0.05234413
0.9210691
0.95664
0.9635962
0.9547615
0.054318376
0.031510033
0.03223854
0.029501738
0.03281496
0.050723407
0.83236253
0.8876213
0.94107026
0.9464736
0.9033775
0.91831255
0.08053544
0.05699194
0.07366346
0.8505583
0.93133056
0.93048364
0.9402049
0.8402818
0.8837222
0.060926616
0.03343724
0.031109786
0.035738397
0.051510632
0.06157767
0.87924063
0.8571935
0.87931067
0.93479687
0.92699206
0.9497099
0.94795185
0.9379785
0.056235507
0.03633976
0.031434093
0.03124036
0.037150085
0.061008494
0.8701509
0.9159897
0.85340834
0.8295751
0.81344765
0.8293895
0.119869635
0.11174055
0.1394325
0.85400933
0.12270359
0.094442174
0.14639427
0.16071932
0.8676215
0.12604322
0.09064078
0.08411271
0.14239411
0.2600563
0.22108176
0.17653468
0.36709234
0.33305702
0.8342824
0.7267551
0.3097352
0.4575187
0.7021939
0.15177162
0.13499345
0.2012268
0.32782677
0.14899571
0.1341068
0.15950346
0.07902602
0.0767792
0.07898965
0.13824703
0.14478932
0.17687245
0.8849469
0.14584745
0.103327096
0.14900352
0.913279
0.8913228
0.10142879
0.07389133
0.03879088
0.034570944
0.033090904
0.032534078
0.03559721
0.05328575
0.89971906
0.92537075
0.9543837
0.95696294
0.9173378
0.8626886
0.8872845
0.05649072
0.041147545
0.036407165
0.050250508
0.043839253
0.046662085
0.057392925
0.070315845
0.052394856
0.054006644
0.07783025
0.8654814
0.9186275
0.84233713
0.12983662
0.13994734
0.08258765
0.056296736
0.05820815
0.09478763
0.8384126
0.93854874
0.2711236
0.060083717
0.05075817
0.03992425
0.03786921
0.04662099
0.06239441
0.88099325
0.91232574
0.9343656
0.9092946
0.91896635
0.84341854
0.8411623
0.911604
0.8716323
0.08867348
0.09746258
0.07059273
0.051204313
0.08069238
0.07277436
0.12471592
0.85459477
0.90786153
0.81619877
0.9108439
0.09388096
0.07468412
0.06766371
0.10053922
0.893209
0.21599643
0.07223769
0.07352864
0.0976513
0.9207108
0.93341696
0.94991875
0.89443564
0.9390456
0.05982119
0.035764385
0.033296738
0.038994398
0.039788026
0.04567453
0.08302449
0.123095594
0.90480393
0.11276449
0.08383007
0.06377196
0.0856295
0.8932688
0.9357576
0.8543276
0.8673438
0.08393301
0.06548323
0.088589385
0.10336148
0.84285283
0.806025
0.9187535
0.112072475
0.06460791
0.09307678
0.06526492
0.07943239
0.09526531
0.7123576
0.17730199
0.20739624
0.88271433
0.90136117
0.82564723
0.8910676
0.8022142
0.11361378
0.07388007
0.06961729
0.14023449
0.8961811
0.9461841
0.9466362
0.088470764
0.039806083
0.03354177
0.035262205
0.052597657
0.91066164
0.95321864
0.96005696
0.9516464
0.06537474
0.03823571
0.04141165
0.058982484
0.108621575
0.9145111
0.14430949
0.0602122
0.052062105
0.072752684
0.06409912
0.07092289
0.12317621
0.9158839
0.1699298
0.07700122
0.054045748
0.053674165
0.06828424
0.097767584
0.8021207
0.7718438
0.14114344
0.11447534
0.098652855
0.12167403
0.1282986
0.22108886
0.26549894
0.19725811
0.4309044
0.903584
0.8064204
0.76986206
0.13964327
0.092234544
0.120788805
0.14511903
0.148484
0.71210116
0.7692373
0.87225926
0.80918
0.7639117
0.749492
0.8142497
0.91270345
0.9226113
0.89658326
0.16657616
0.12830085
0.23759435
0.1882343
0.77844924
0.83394355
0.8718791
0.9304494
0.93147844
0.085079186
0.0563793
0.050825514
0.04723779
0.065356515
0.7700573
0.9027336
0.33057705
0.82268196
0.94459224
0.116521694
0.04175529
0.03406217
0.034915198
0.037114754
0.041116636
0.038590312
0.04406227
0.06500513
0.081459634
0.07803457
0.91250724
0.9354344
0.95193315
0.95592546
0.9462945
0.94875115
0.90918255
0.047009468
0.03351014
0.031823166
0.03379202
0.037696164
0.043151848
0.044542585
0.049337056
0.056758314
0.07344861
0.11134299
0.88102174
0.8889105
0.3489883
0.8004586
0.8073025
0.8140516
0.9009747
0.12098831
0.0985459
0.18324181
0.23287007
0.18208824
0.8321409
0.22395901
0.29383206
0.39447892
0.8486051
0.91225576
0.3109787
0.1362342
0.14658304
0.8818251
0.8399259
0.77748734
0.8124885
0.11464043
0.08820985
0.18589504
0.92300844
0.9389707
0.8686772
0.12719516
0.08775392
0.052036095
0.057871297
0.08119978
0.0960206
0.15138716
0.84799075