0.48290342
0.11217567
0.06602039
0.058407858
0.07356604
0.05848143
0.0782471
0.093260795
0.11019787
0.8311056
0.39778855
0.45647386
0.8884428
0.92722446
0.9022228
0.8892722
0.9176531
0.8709494
0.26553145
0.32940337
0.89287204
0.1824797
0.13851708
0.09753049
0.0541911
0.05184643
0.05789704
0.077742234
0.13648644
0.2512328
0.8765216
0.7443052
0.45671162
0.36740622
0.26581734
0.2977324
0.5626954
0.26448438
0.31674922
0.31544352
0.8106788
0.52410334
0.2861802
0.20916691
0.25626382
0.17363895
0.2372132
0.3527243
0.88837117
0.902714
0.7988341
0.84636605
0.69838136
0.6996725
0.14246571
0.13012193
0.112182416
0.22422795
0.9068238
0.18872875
0.13598591
0.06858533
0.065762945
0.09529695
0.80871445
0.09452238
0.07386927
0.05523416
0.058298353
0.07477832
0.09201489
0.8578986
0.9022449
0.13013647
0.09776845
0.14192961
0.8939612
0.08978602
0.044841573
0.038964294
0.03645742
0.037899297
0.05248303
0.13918626
0.95227265
0.9388125
0.9353771
0.07088086
0.045125842
0.035426743
0.036318857
0.048334423
0.06771631
0.14113368
0.9112554
0.16355047
0.09929997
0.15380836
0.850732
0.82680213
0.8248973
0.18902902
0.21062575
0.79392964
0.8114074
0.827231
0.85040385
0.8652431
0.90933645
0.2661961
0.13773869
0.13725097
0.12883554
0.715772
0.15261427
0.15524682
0.6551085
0.18712372
0.23924948
0.39952
0.76007086
0.75435764
0.8217492
0.37118536
0.29495153
0.44814938
0.5859529
0.8228018
0.7048941
0.65265334
0.18946837
0.2440968
0.16503537
0.21193284
0.25696045
0.41361985
0.21171753
0.14687741
0.13759178
0.15626109
0.56983787
0.20458236
0.2150149
0.39538378
0.4618931
0.2368733
0.21549113
0.26193726
0.30489674
0.36887467
0.47740397
0.4805764
0.7898458
0.8867675
0.87838125
0.8952477
0.8737012
0.8672252
0.8828399
0.90011877
0.89167523
0.8842786
0.8890547
0.8961655
0.8653132
0.84371275
0.8499022
0.8846626
0.9344658
0.9390743
0.93498176
0.101257935
0.050336033
0.03650302
0.03512545
0.04327342
0.062032476
0.11789928
0.892907
0.09742876
0.05125651
0.04325841
0.05481398
0.8670406
0.9218985
0.94487345
0.9498332
0.95048857
0.94819766
0.91467524
0.88997984
0.053404603
0.041267876
0.052951466
0.10513925
0.8570132
0.101250045
0.054488044
0.049468115
0.05564529
0.07989009
0.15157817
0.21243489
0.23923145
0.20832127
0.2733921
0.29013026
0.2958339
0.22053732
0.23697402
0.7817583
0.31235272
0.3068132
0.4289245
0.39747024
0.7814879
0.5709489
0.32522324
0.38006613
0.23187919
0.21814124
0.22816038
0.31080925
0.45238325
0.45466197
0.3044225
0.35213193
0.25658575
0.28617457
0.32920152
0.37444
0.6059403
0.8844607
0.9078548
0.8753981
0.87198806
0.900684
0.8945287
0.83662283
0.8395925
0.8879511
0.8912547
0.9108456
0.89488095
0.8992894
0.33593252
0.17723088
0.13008448
0.1453767
0.121009834
0.1535988
0.18167868
0.19142918
0.82155836
0.119859375
0.11639405
0.16066472
0.8983859
0.20147389
0.1050832
0.11748779
0.11513254
0.14968191
0.9209551
0.92254716
0.9118665
0.945764
0.903151
0.058063094
0.04651662
0.058125626
0.10090832
0.16344526
0.91772383
0.112993635
0.079055965
0.05601458
0.06597528
0.07670276
0.084674664
0.0833227
0.10834322
0.18345481
0.20741147
0.28689852
0.8787241
0.37368867
0.24957606
0.21125817
0.18807097
0.1770952
0.17203097
0.17016356
0.17246051
0.21876056
0.1619394
0.21041177
0.77366287
0.7755192
0.77033544
0.75712395
0.7876521
0.14763613
0.15576743
0.75044143
0.08175377
0.05084399
0.04727586
0.050712503
0.08085944
0.8197614
0.8464073
0.19466998
0.15766187
0.13249642
0.107957534
0.13600224
0.89483106
0.102387264
0.05200816
0.061585497
0.06911116
0.05825611
0.06359255
0.050038084
0.048034906
0.058876537
0.9041956
0.93149304
0.9230425
0.91526
0.9270398
0.94516516
0.94750077
0.9181942
0.93503284
0.057944085
0.046662893
0.044127837
0.037245158
0.036660895
0.040787
0.04639385
0.05461996
0.110499576
0.884948
0.83968484
0.85921943
0.19330817
0.09115907
0.09734735
0.115461506
0.19295725
0.90371615
0.89210635
0.43578497
0.86122704
0.8796346
0.14333448
0.13891068
0.11295557
0.14445579
0.82007277
0.49924088
0.4030445
0.83334416
0.8113295
0.8493382
0.7362639
0.3744797
0.26590493
0.26670375
0.31820688
0.30877432
0.2379261
0.32535246
0.3665081
0.37625903
0.31094098
0.5164487
0.7813046
0.47522163
0.46507698
0.45829555
0.43393692
0.3152852
0.47859415
0.8135119
0.70378125
0.22294554
0.2565563
0.25523618
0.29076448
0.17901538
0.1700471
0.22955014
0.8213195
0.79928035
0.88049316
0.8776157
0.76074654
0.85732275
0.2065659
0.19296156
0.85469836
0.10410107
0.08845292
0.10975824
0.072895974
0.06795388
0.060604956
0.1206341
0.8763899
0.28440532
0.39312536
0.9064916
0.12709133
0.06625132
0.07408642
0.091678016
0.9093814
0.91721237
0.91544753
0.9062163
0.89682513
0.90178347
0.9300047
0.88538176
0.06113938
0.051891565
0.05284696
0.08880222
0.8812923
0.18854094
0.15966122
0.7747899
0.105895184
0.06366089
0.06361153
0.107257925
0.14138298
0.82272106
0.20020896
0.102782845
0.09933711
0.17811011
0.9128297
0.93248147
0.13808516
0.08274713
0.06273929
0.051024497
0.07041185
0.064161904
0.07489242
0.11814012
0.14555451
0.90926266
0.9411034
0.9310635
0.94379157
0.9346907
0.080935985
0.075020984
0.109439686
0.1094967
0.08729237
0.06871521
0.1332658
0.1948685
0.30352154
0.85953206
0.91253734
0.83671904
0.77251416
0.7438151
0.7318557
0.2096562
0.14470787
0.20316257
0.7070129
0.23526287
0.21948029
0.15787911
0.2418178
0.8710524
0.9022038
0.87646884
0.88731015
0.8482298
0.8637018
0.8953057
0.90043384
0.9085961
0.9068289
0.9118305
0.9004395
0.8927561
0.87615603