0.81547064
0.83974355
0.8496604
0.774619
0.744453
0.81350166
0.77347887
0.7643269
0.8536008
0.85358226
0.6569012
0.2988164
0.27435768
0.3900059
0.8076367
0.19931938
0.12112123
0.12273425
0.12789322
0.14946456
0.85132045
0.74942607
0.23480068
0.19389945
0.7911336
0.88214165
0.9221747
0.9238399
0.9009636
0.9063443
0.88632005
0.9002221
0.84210765
0.21831934
0.23669393
0.8823445
0.9152809
0.1140051
0.088494815
0.06877507
0.08748212
0.107278705
0.6804598
0.64260733
0.19800447
0.1952791
0.2103133
0.7868144
0.35330135
0.27331656
0.40331838
0.2301281
0.21798278
0.2073542
0.21676673
0.2732196
0.4119086
0.3341971
0.37982735
0.83581424
0.8713487
0.7906881
0.8192
0.3152249
0.22154854
0.24614517
0.20629759
0.20256054
0.24877104
0.54351133
0.5954283
0.61148256
0.636853
0.36620387
0.17154449
0.16566569
0.64686626
0.17439894
0.13351023
0.1698542
0.18975702
0.8655334
0.14770384
0.09991831
0.07668363
0.07027689
0.076465294
0.064919904
0.054659143
0.07073638
0.11797598
0.31149375
0.9274413
0.8802076
0.83450526
0.8057528
0.8516924
0.12755427
0.11557326
0.082327195
0.07347395
0.083100505
0.20877674
0.9016333
0.13560443
0.09641357
0.13366911
0.1537128
0.74045664
0.13759533
0.09447921
0.087313354
0.09729227
0.21319373
0.22478917
0.18996634
0.87256414
0.12671162
0.08457176
0.075721666
0.107680365
0.9100881
0.9340253
0.9074261
0.92901623
0.81483096
0.8174535
0.054569647
0.035448126
0.031893063
0.034478985
0.053533476
0.91210324
0.95276165
0.9595405
0.94872034
0.058706254
0.03558698
0.032866295
0.0393103
0.068995066
0.902241
0.8833717
0.90956193
0.9398885
0.9346201
0.84921175
0.79494005
0.07388682
0.059602536
0.06429664
0.099482276
0.8907993
0.8194667
0.90891135
0.8277482
0.07989279
0.047955085
0.0478529
0.058180016
0.113464646
0.87452495
0.09049878
0.048128728
0.039931715
0.0376248
0.040869277
0.06394925
0.91431093
0.93291765
0.9618086
0.92985934
0.05931627
0.036035877
0.034636628
0.03862906
0.050359976
0.11317081
0.9109344
0.12868883
0.0670213
0.0588994
0.06854346
0.13654499
0.92320013
0.935053
0.92402035
0.21388088
0.19731969
0.742367
0.7512004
0.7305536
0.7521309
0.14669192
0.1400195
0.71745044
0.12495525
0.14263749
0.095504805
0.07669041
0.0792645
0.10172906
0.15725265
0.8759491
0.7734873
0.14810336
0.09054771
0.07837726
0.07767378
0.15664333
0.15794116
0.153891
0.78444904
0.12155738
0.08767084
0.065447606
0.056165677
0.060319502
0.11450873
0.1357301
0.16952877
0.9009873
0.14093995
0.09750523
0.13661236
0.9141384
0.89108384
0.08727356
0.05477369
0.052158345
0.0727095
0.7889549
0.08676448
0.056812998
0.06721098
0.88293374
0.9273175
0.9514339
0.952385
0.9077636
0.83760196
0.85413224
0.0713341
0.067906864
0.10324954
0.88972
0.087360345
0.05190547
0.06728739
0.06547056
0.04900421
0.054098528
0.07870757
0.8569272
0.91970617
0.83151215
0.12865475
0.13447568
0.08335861
0.06840431
0.07770982
0.102259934
0.7825574
0.91733384
0.12099091
0.062473353
0.053686965
0.056469247
0.079331264
0.73386055
0.14803974
0.18222032
0.8691881
0.9183954
0.8884993
0.909845
0.82707864
0.8259989
0.9072513
0.85435843
0.12690192
0.1350203
0.74871045
0.07594921
0.050605737
0.047612872
0.05744201
0.09828617
0.9022812
0.8121533
0.9198813
0.100425184
0.06832999
0.055250283
0.059603
0.1061148
0.88558275
0.123553805
0.09983106
0.11982147
0.9146486
0.9318379
0.95050967
0.91120756
0.94064814
0.0590076
0.036643837
0.036125902
0.04904823
0.04255432
0.049420495
0.10002101
0.13622373
0.9004147
0.12271027
0.09782059
0.07396213
0.09720086
0.88422143
0.9326552
0.8475767
0.8271602
0.09248273
0.07716386
0.10782017
0.117127955
0.76928294
0.80850637
0.8892137
0.8200886
0.8039325
0.85889804
0.78709614
0.74490404
0.76924294
0.8251387
0.7525061
0.77500117
0.8990343
0.922694
0.8856259
0.9145151
0.85909605
0.081559345
0.050982144
0.04843764
0.07518237
0.904051
0.9493719
0.9508804
0.07914649
0.036774017
0.03211557
0.034457564
0.0522009
0.8956334
0.92810833
0.9581027
0.9546171
0.06652185
0.039068244
0.042407658
0.05976289
0.11670216
0.9263221
0.19842729
0.0629174
0.052681923
0.067330234
0.058932837
0.05885979
0.065514676
0.097974785
0.09174883
0.07636823
0.0651438
0.06274847
0.06231766
0.06739834
0.06425083
0.073412485
0.08717644
0.0836446
0.06708481
0.116031475
0.11892932
0.8332544
0.9183594
0.82696116
0.8821796
0.14660303
0.0462564
0.037675682
0.035244323
0.03478602
0.040927377
0.06938695
0.9218546
0.955239
0.92613626
0.06505734
0.038137373
0.035746764
0.039221678
0.048885357
0.059844483
0.1270078
0.9378975
0.9455581
0.93931395
0.0967257
0.0883309
0.08665865
0.10444803
0.7705619
0.14308763
0.097429775
0.06906815
0.043142423
0.038092583
0.03446002
0.03399391
0.037546415
0.05514781
0.891797
0.9321735
0.93903404
0.9203316
0.9359031
0.93802613
0.9205639
0.9380196
0.9361413
0.052902114
0.029177625
0.02798781
0.028697122
0.03571157
0.06827403
0.91397214
0.91178715
0.863694
0.9253739
0.09052323
0.040082518
0.03506445
0.034393366
0.041078724
0.073275164
0.8935782
0.925085
0.8660956
0.8325468
0.79145086
0.7847175
0.8082542
0.8252021
0.8298284
0.9253638
0.085318044
0.044463824
0.04160154
0.04336657
0.049224727
0.06717344
0.1733915
0.31614128
0.49739626
0.8466867
0.88391614
0.48570284
0.27206528
0.32460254
0.8140131
0.72110736
0.6503912
0.63765687
0.19566947
0.17849162
0.31625733
0.6240882
0.8377896
0.41672215
0.74156594
0.15103342
0.11172399
0.12746148
0.16916801
0.17576066
0.20502736
0.73625785
0.86115986
0.7800648
0.7724534
0.8437719
0.79079276
0.80808413
0.8699436
0.8564902
0.83811486