0.86291194
0.78244275
0.28517073
0.23672087
0.31437325
0.28756028
0.29881972
0.35342857
0.72481793
0.7862491
0.82157654
0.86278355
0.8996374
0.8573321
0.8237702
0.8608681
0.19689584
0.21898328
0.23324348
0.2020315
0.17150083
0.26093534
0.720365
0.6848231
0.5852715
0.40559363
0.5027044
0.50871253
0.4008539
0.35194594
0.29365617
0.28867957
0.395019
0.44674793
0.35054433
0.5735027
0.39330637
0.43848523
0.5885386
0.76985407
0.6426347
0.45750704
0.42656806
0.44021615
0.6070212
0.7414513
0.51500183
0.3093774
0.28351772
0.38423064
0.38129717
0.26932812
0.25796586
0.29864863
0.55348474
0.50789124
0.5285907
0.5556217
0.65098155
0.6328378
0.47225899
0.36502457
0.22810583
0.21167187
0.30669883
0.67459166
0.6970208
0.7283561
0.80669785
0.89661
0.81511796
0.14495344
0.07762039
0.07704842
0.12375407
0.19002286
0.76854366
0.85867655
0.28663296
0.31191403
0.21647044
0.19294238
0.18336593
0.18678679
0.18632118
0.73001057
0.7676588
0.7935529
0.10837364
0.063997105
0.06518276
0.07412707
0.14595069
0.9158045
0.8506315
0.12531918
0.06566171
0.054161906
0.08048463
0.0932427
0.06737599
0.10258579
0.92581296
0.8622872
0.944719
0.07616179
0.04083447
0.04029105
0.050886966
0.06811396
0.13752021
0.9178837
0.15521109
0.06924084
0.04264251
0.040082477
0.05700314
0.9021154
0.94127184
0.95456594
0.92905194
0.080322675
0.05476658
0.069329225
0.8743649
0.9200521
0.923911
0.8958604
0.8992932
0.07554748
0.06548447
0.10200845
0.814594
0.07851975
0.04975115
0.04686787
0.06326445
0.12842041
0.93189794
0.8835883
0.11768959
0.06356872
0.06220184
0.062550895
0.056057535
0.05553589
0.05395598
0.059798624
0.07314533
0.081771165
0.07358418
0.07558309
0.17796153
0.8434494
0.8290314
0.80981743
0.7861637
0.77460736
0.7559834
0.7924548
0.113441356
0.106069036
0.112860054
0.8454496
0.8895766
0.89887846
0.89063835
0.897613
0.09867644
0.11284885
0.060587857
0.083255254
0.052750748
0.046943944
0.06096797
0.0949012
0.82158667
0.816163
0.77419966
0.27508026
0.39352322
0.43370688
0.46207845
0.4715084
0.39610285
0.38772273
0.84467936
0.8675857
0.9043367
0.89117783
0.76046085
0.619231
0.3376166
0.36318702
0.40773004
0.8638101
0.91875935
0.92445016
0.91435814
0.87433773
0.32944113
0.38861585
0.37233406
0.8079765
0.6799797
0.20031169
0.1737563
0.17352927
0.31586587
0.42014223
0.2769565
0.6974775
0.38852006
0.19966328
0.16966343
0.3163975
0.781218
0.7991889
0.78718436
0.7943047
0.7886221
0.81821495
0.24188435
0.13755816
0.054713473
0.042523667
0.039303444
0.04384177
0.049506024
0.08127644
0.8854298
0.9033913
0.9482953
0.8748085
0.89532816
0.07781816
0.04758372
0.044179074
0.05439765
0.09357256
0.8749147
0.08770351
0.051843077
0.05751952
0.07216019
0.07801269
0.90476125
0.91802824
0.9184629
0.8946791
0.88937217
0.89151585
0.8606444
0.88352704
0.0602739
0.041085076
0.040246163
0.044053625
0.07690753
0.8743837
0.85393625
0.86217964
0.86108756
0.20004132
0.14659065
0.076514244
0.10621783
0.106560394
0.8301638
0.8529288
0.8818106
0.9204215
0.8603217
0.833262
0.8485373
0.27397555
0.09141324
0.1500156
0.06112268
0.060487784
0.09835987
0.13340165
0.15308589
0.15126245
0.1279221
0.12091951
0.21736184
0.7365757
0.21122861
0.21406977
0.1996068
0.16908434
0.16372734
0.26135933
0.67664176
0.65816593
0.6408998
0.19554476
0.16669285
0.17199506
0.6983637
0.7812643
0.8090727
0.8400516
0.90564877
0.8861423
0.20958093
0.16473989
0.20582877
0.69264334
0.7700667
0.8150561
0.838146
0.8416054
0.82915616
0.80588996
0.8019122
0.81037277
0.8519456
0.8921873
0.86450315
0.82348907
0.8212206
0.8400021
0.86606336
0.91350645
0.8431925
0.08370578
0.05333317
0.06297189
0.07072999
0.08704702
0.13892554
0.86610454
0.83628774
0.84749454
0.8794213
0.94600666
0.91179246
0.073343635
0.04341381
0.034017134
0.038535304
0.04139953
0.041682098
0.040244516
0.042676996
0.0379345
0.044668224
0.044535164
0.095715776
0.9461636
0.9578333
0.9662892
0.9619771
0.104999065
0.0352481
0.03326952
0.036044035
0.0406388
0.042299744
0.049653403
0.06833133
0.075255446
0.05766047
0.09383728
0.14665431
0.89803606
0.93435776
0.93852174
0.8956679
0.9277781
0.92636895
0.13323267
0.07190428
0.0988784
0.054695312
0.054802395
0.05625259
0.09592173
0.15207206
0.20103349
0.7926694
0.16772276
0.11840336
0.16612002
0.18716235
0.18652552
0.15879755
0.14917454
0.24172083
0.70262486
0.68764096
0.5414294
0.52299345
0.46341664
0.29009637
0.22170457
0.2109956
0.64469045
0.21665716
0.23378713
0.23422237
0.18665925
0.20737971
0.47327983
0.7090827
0.89520216
0.92010075
0.90370023
0.76901776
0.6389867
0.31448245
0.416123
0.4665228
0.80780286
0.8898154
0.83503973
0.8029963
0.79957056
0.7905351
0.41606823
0.19435067
0.13556823
0.16807835
0.091408
0.06521799
0.05397622
0.06494635
0.22986561
0.8857215
0.39425802
0.85991055
0.9195944
0.9128861
0.89352876
0.8758741
0.8660407
0.8602822
0.86834806
0.8685127
0.8462868
0.24398121
0.7742019
0.09535352
0.056040164
0.05343328
0.05845361
0.13147043
0.2366551
0.89791566
0.8195149
0.83325946
0.91672987
0.91522056
0.79628134
0.7804342
0.08899228
0.07454622
0.07714925
0.11047419
0.11596433
0.8762729
0.1307946
0.054005664
0.05473751
0.066154234
0.051681355
0.04483618
0.041326795
0.054159783
0.12841132
0.93635076
0.95408833
0.9447159
0.9065911
0.912929
0.08239989
0.07021928
0.043243002
0.068234585
0.08142562
0.071092725
0.07847561
0.056806415
0.0613003
0.061302677
0.08337089
0.14463383
0.1940285
0.15134414
0.81351924
0.8225259
0.8037416
0.8125411
0.8194998
0.8430372
0.9301926
0.9341295
0.86182004
0.08791915
0.048241902
0.04533986
0.040957127
0.061685663
0.05937178
0.060143013
0.07051733
0.054258
0.094678015
0.93185675
0.9400832
0.9580393
0.07265428
0.039042253
0.03757606
0.041080646
0.057719965
0.05332527
0.047328748
0.049426947
0.055955082
0.1321568
0.87229633
0.9283977
0.93299747
0.8705646
0.9212193
0.91802
0.8157014
0.09692092
0.05311744
0.050500102
0.070025034
0.10762448
0.09387449
0.099989824
0.1216687
0.8090278
0.2982521
0.82235587
0.49616927
0.9312432
0.9245528
0.10496286
0.049474586
0.037681106
0.043396026
0.038766887
0.04356597
0.047854144
0.039190546
0.04406338
0.09129694
0.9474487
0.96144176
0.9462621
0.06713589
0.036310215
0.033124533
0.036487628
0.039760634
0.04176135
0.047790132
0.062330186
0.109679416
0.16065092
0.9160786
0.80562675
0.38682702
0.791725
0.5657565
0.8946482
0.391064
0.2484693
0.17798254
0.0915358
0.066366956
0.06860303
0.095832385
0.25835148
0.914528
0.19096462
0.073339134
0.066263445
0.053763088
0.05200578
0.065144554
0.05430951
0.0686447
0.13615166
0.2748568
0.9478197
0.95427054
0.087310135
0.056204036
0.03373817
0.033853203
0.031621177
0.033752587
0.037376456
0.062227335
0.9111107
0.92873174
0.9419266
0.9579605
0.93679255
0.9298415
0.09415497
0.03825656
0.043954946
0.03487639
0.043346427
0.04244191
0.061131608
0.119669616
0.9231139
0.84078246
0.25364304
0.26699203
0.8352307
0.20013575
0.0735786
0.08274903
0.08735833
0.06974615
0.1199037
0.112881206
0.22871819
0.79530346
0.80522585
0.9073814
0.84229213
0.20209838
0.2174769
0.06356596
0.052453235
0.07188389
0.05465498
0.05051815
0.056280103
0.056328915
0.06303665
0.07156099
0.046264183
0.04693786
0.042462967
0.07687297
0.13764587
0.9273361
0.93993765
0.9505378
0.96017474
0.9541568
0.07622038
0.04211996
0.03437054
0.042915337
0.041135766
0.052098595
0.07350771
0.055669308
0.09975594
0.1303811
0.9156365
0.83323216
0.9266191
0.16407356
0.09495898
0.060951523
0.058176253
0.07277764
0.079165906
0.10277204
0.13392463
0.16168171
0.90328753
0.28950047
0.0949406
0.122979224
0.08044066
0.06675967
0.0857772
0.14354853
0.9343949
0.89797705
0.083417885
0.055230603
0.048204668
0.0441287
0.05068365
0.05436994
0.05024439
0.063732594
0.06943373
0.099905536
0.9007239
0.1494559
0.068293385
0.08933861
0.11781294
0.20418559
0.94701856
0.96059716
0.9584081
0.11643086
0.049441107
0.046257574
0.052595094
0.09010439
0.83940786
0.09621389
0.07205456
0.059106078
0.054537505
0.07754479
0.09892338
0.83617514
0.8128928
0.83422035
0.15169418
0.17005876
0.1499324
0.09368142
0.15973121
0.16388012
0.08209233
0.12740274
0.10633559
0.10026797
0.15043424
0.7374377
0.23622073
0.3880131
0.63673604
0.8904936
0.8722851
0.8322218
0.8233218
0.87345266
0.83996075
0.8726795
0.8429726
0.89922565
0.90218985
0.80568045
0.17203633
0.19255345
0.8699647
0.087274045
0.05212754
0.04671161
0.05331142
0.060446836
0.053518906
0.07542189
0.07442325
0.093803726
0.85196644
0.8930796
0.086652055
0.051694345
0.039464053
0.03838673
0.043318305
0.06205635
0.9160589
0.9461467
0.95824546
0.9499293
0.087069854
0.042767715
0.041170128
0.075175725
0.91305274
0.93501866
0.9523506
0.9443181
0.08186393
0.04965241
0.05527117
0.11204797
0.9173789
0.87594634
0.08723315
0.086240694
0.086565
0.08046856
0.10089804
0.1592018
0.91725403
0.851008
0.11900682
0.12169594
0.08636887
0.078490116
0.14540036
0.15311077
0.07478709
0.07437141
0.12535097
0.88293546
0.13751388
0.11270976
0.13876912
0.084930465
0.118961655
0.86270475
0.23083661
0.34459406
0.9138383
0.8797074
0.8809271
0.18764815
0.06462394
0.05220428
0.062774844
0.11614067
0.8127463
0.7532116
0.7356589
0.732196
0.27642614
0.235172
0.19602008
0.40524423
0.9011582
0.92347044