0.84964657
0.76110417
0.31668198
0.25794184
0.29095733
0.30451673
0.6578966
0.7550537
0.87677884
0.88994384
0.844647
0.32584766
0.27358037
0.47248375
0.53542644
0.6277948
0.78081304
0.67414516
0.6721042
0.7961555
0.6372887
0.26001894
0.34608474
0.6978029
0.7226583
0.72587126
0.2532998
0.32288638
0.16242914
0.14716491
0.20413926
0.21112616
0.21450348
0.57160467
0.3327517
0.26239264
0.23944664
0.2557872
0.23125398
0.21361911
0.23249833
0.27661937
0.50234133
0.6656218
0.6575151
0.6280275
0.58427423
0.31852898
0.26538974
0.28530797
0.26953167
0.28691262
0.69660246
0.2972734
0.24480408
0.28455585
0.27131295
0.294324
0.738652
0.2480638
0.19960831
0.1724471
0.15347567
0.18594281
0.28126013
0.17219304
0.17619808
0.19975816
0.19322234
0.28631154
0.3156334
0.22100393
0.63525385
0.6324751
0.6647364
0.76537335
0.8889042
0.85999113
0.9113982
0.9087862
0.123652786
0.109267876
0.12286736
0.106693044
0.19688195
0.7206897
0.15153575
0.15991135
0.20881157
0.6860671
0.6758674
0.2134373
0.15627743
0.15219055
0.14833331
0.16412704
0.19744977
0.8166695
0.18503301
0.13363771
0.13054407
0.13975978
0.74426115
0.23901452
0.10739311
0.08645015
0.08972498
0.10787872
0.77240545
0.2717938
0.14350599
0.16083886
0.77781546
0.8289384
0.90065116
0.8266725
0.7926794
0.8151321
0.90198207
0.8164863
0.09093266
0.07802659
0.10417029
0.8881245
0.14540194
0.06280011
0.056721166
0.08775219
0.89450073
0.9382965
0.07665253
0.04217602
0.038003124
0.045750722
0.08130868
0.92690194
0.9237302
0.17104335
0.17753717
0.80944073
0.3088918
0.89864737
0.91443413
0.88829935
0.85263735
0.2434933
0.7945001
0.20771006
0.15540877
0.8161325
0.9238412
0.08705043
0.06697432
0.05407162
0.06399961
0.11716748
0.9171631
0.19216363
0.072882265
0.054336093
0.06117786
0.0602605
0.057941966
0.059227787
0.06117845
0.066828385
0.07591281
0.071065664
0.06438951
0.064221494
0.07348777
0.12749243
0.84818834
0.13500056
0.08700987
0.09215426
0.14223629
0.89354354
0.12708512
0.075002305
0.069002554
0.09212617
0.105321825
0.14921609
0.7309097
0.7785372
0.88204706
0.7725668
0.21448538
0.30867216
0.10044959
0.07898601
0.0780549
0.122403495
0.17502002
0.9098297
0.88172275
0.8725541
0.8811659
0.9333716
0.082177036
0.051198546
0.047902614
0.05178503
0.065120645
0.10302031
0.1529459
0.75398743
0.8717298
0.75087255
0.24516952
0.1549784
0.121138945
0.15709583
0.17984034
0.16117588
0.3133285
0.7768862
0.7243734
0.72431195
0.17110668
0.13842668
0.23825403
0.89524186
0.88171506
0.8439373
0.81805056
0.8022308
0.80799586
0.2242638
0.123733185
0.15794778
0.88732415
0.87698805
0.9124423
0.1833375
0.121269435
0.17981173
0.17854846
0.1298176
0.1272297
0.24623948
0.7147604
0.24139687
0.3245048
0.19198854
0.20752622
0.34230968
0.70075
0.7280313
0.7452873
0.17418912
0.17028819
0.16773778
0.14221112
0.30737773
0.9083251
0.85064757
0.17662954
0.07209091
0.050721038
0.055261303
0.057080995
0.06884116
0.12075795
0.10503252
0.07884922
0.06481445
0.06554701
0.078109756
0.1345725
0.91376585
0.12526824
0.0637593
0.052975576
0.050942708
0.059489895
0.066340186
0.052760135
0.05795525
0.095683455
0.87009335
0.3644598
0.9238075
0.093302876
0.0463916
0.04240532
0.039062794
0.04094385
0.038642008
0.044940595
0.091149084
0.9428782
0.9496608
0.96179825
0.08196079
0.03648456
0.033367455
0.034698177
0.033741787
0.038369637
0.049012594
0.07966636
0.92686504
0.921484
0.3059474
0.8249228
0.13379332
0.08858802
0.11864682
0.86702913
0.11999625
0.07443052
0.06892967
0.09288801
0.89638776
0.9129789
0.8748544
0.8824775
0.9122142
0.89507335
0.9228116
0.92503124
0.8800351
0.912184
0.08041986
0.050434068
0.048542283
0.059609108
0.07364235
0.10051784
0.13745794
0.6772715
0.7381032
0.83204347
0.6943628
0.6332338
0.64598626
0.6954662
0.8219338
0.8150152
0.37800243
0.34029612
0.34763643
0.30186644
0.54553807
0.42433313
0.23244517
0.19682093
0.18978386
0.19327296
0.2715409
0.7982471
0.7246957
0.81617063
0.32282293
0.28337422
0.19854002
0.21240832
0.16979258
0.16471891
0.20905566
0.23420832
0.81369627
0.4039689
0.18454233
0.25505403
0.17616183
0.18509151
0.8753895
0.15581243
0.067783475
0.062294286
0.07908519
0.05634954
0.05508396
0.09589142
0.8889662
0.9423925
0.9442521
0.85508317
0.08896173
0.08721797
0.11376816
0.8514282
0.16217335
0.10763724
0.13340768
0.26374313
0.7573825
0.7750127
0.7744627
0.7780746
0.85199046
0.825068
0.49528447
0.5801598
0.7354479
0.38417414
0.3526887
0.7044555
0.27049413
0.23769666
0.23796959
0.25449872
0.50180167
0.78374165
0.47828448
0.56614476
0.6661059
0.65977526
0.25217795
0.23338602
0.15271088
0.12269318
0.11533789
0.11231459
0.1600561
0.8696827
0.8145121
0.91043055
0.9178846
0.1117657
0.07385416
0.09129224
0.09998098
0.78321075
0.8880739
0.17545426
0.17215842
0.28494352
0.8881318
0.936406
0.9355722
0.872256
0.20972888
0.24946982
0.20921998
0.8866126
0.90395314
0.12540412
0.14315572
0.11224046
0.118505634
0.77534974
0.891439
0.84867686
0.9106148
0.8999365
0.14785308
0.11955553
0.14080623
0.156107
0.83979315
0.9266958
0.9088718
0.9317896
0.8758051
0.10270216
0.13355741
0.076283194
0.054000825
0.049544144
0.043733474
0.050569512
0.094599955
0.9109098
0.89668053
0.9345347
0.92792654
0.81645703
0.76672363
0.8730389
0.12188726
0.13952562
0.14575383
0.14411989
0.9048857
0.913275
0.12898824
0.1179364
0.7197292
0.24744618
0.8828293
0.91228724
0.9178108
0.93113786
0.9060334
0.24369934
0.7374045
0.17555706
0.18498103
0.8853613
0.90245867
0.10936844
0.11137132
0.12140657
0.13645737
0.8948014
0.9195129
0.87295187
0.9027955
0.81607246
0.75268424
0.09496679
0.085522465
0.092856616
0.12581109
0.8624934
0.8169221
0.9092556
0.9106815
0.7616415
0.24332036
0.13395412
0.10450298
0.13056757
0.86908454
0.81870615
0.09963777
0.08670011
0.055559408
0.045113105
0.044156406
0.045418378
0.058461662
0.08258338
0.8266276
0.14996165
0.14534773
0.88803124
0.87407273
0.9419893
0.072637014
0.038508553
0.03494562
0.0364296
0.05388863
0.87717485
0.8978182
0.9185448
0.93600374
0.9104429
0.9049629
0.92973745
0.9015063
0.8782829
0.9206833
0.06352233
0.04108265
0.053169996
0.049776044
0.07354619
0.8994469
0.85220426
0.9172499
0.4308845
0.24459392
0.88230616
0.09941581
0.075667754
0.048160683
0.04743531
0.053366605
0.10229678
0.123100735
0.1238803
0.8124106
0.8054102
0.12217382
0.10085073
0.15684605
0.12104683
0.09088615
0.084709965
0.07396895
0.08052374
0.09736864
0.21686962
0.17449895
0.22053969
0.22526456
0.70295787
0.26669833
0.19234703
0.1658507
0.21833646
0.23163608
0.65046597
0.28062183
0.289251
0.74484926
0.79301494
0.57315904
0.83988917
0.8661558
0.79775774
0.79426324
0.8506293
0.80348563
0.7915929
0.85737294
0.15601239
0.11250353
0.15319133
0.15285927
0.21900126
0.7009343
0.22819969
0.33844084
0.19859815
0.20638965
0.69953877
0.45387837
0.2460994
0.36863607
0.16186091
0.109252095
0.11885836
0.09968442
0.10265059
0.115366064
0.18067919
0.19452013
0.3518899
0.26105267
0.30170137
0.8503955
0.8570792
0.7486764
0.17250162
0.21591707
0.13002647
0.08001681
0.075660415
0.11494567
0.9055306
0.9184883
0.85579675
0.8409777
0.8875139
0.8680584
0.9065459
0.90173393
0.8021968
0.7691648
0.0903597
0.0723781
0.08243405
0.16348934
0.20116615
0.21863288
0.8549427
0.75978786
0.3923564
0.20255084
0.12857912
0.118514255
0.14207478
0.1404523
0.1448885
0.23873955
0.7043928
0.6653688
0.2622396
0.19161394
0.19487531
0.30364278
0.25532156
0.65271795
0.2711996
0.17682737
0.19193828
0.26068667
0.34211016
0.8250647
0.761101
0.17460133
0.14131741
0.100376
0.09422374
0.116282456
0.10085832
0.10337671
0.13658513
0.17876038
0.22336197
0.8158898
0.4253128
0.26370358
0.4170752
0.22674696
0.23205292
0.6904438
0.24576068
0.15519737
0.13513346
0.14039916
0.15200926
0.3450636
0.3689757
0.6950846
0.7142795
0.80525076
0.3028773
0.32744566
0.7735546
0.2468433
0.2078162
0.31386173
0.6850491
0.79819816
0.87945384
0.8763629
0.9102899
0.90485835
0.8364799
0.826856
0.8663841
0.88203526