0.86106735
0.86111987
0.7998521
0.7721329
0.8387957
0.90430707
0.90534276
0.85123503
0.8509322
0.9072349
0.9144706
0.88007027
0.2522584
0.5776446
0.14724925
0.16825531
0.83359057
0.73600817
0.76782626
0.14271024
0.072982766
0.06875489
0.10672297
0.8213765
0.85391027
0.12541579
0.05968543
0.06275454
0.047879547
0.047861606
0.049432427
0.049655676
0.04907448
0.0461902
0.045256976
0.04906626
0.08096146
0.91627616
0.9371451
0.93572146
0.078562364
0.045031626
0.048200764
0.048508015
0.04908047
0.052724086
0.058289066
0.059713077
0.061637763
0.06638837
0.0677858
0.07330269
0.0975422
0.08490971
0.08553824
0.15791322
0.7813657
0.7625224
0.8445131
0.26055014
0.25928015
0.56860536
0.2859521
0.5817653
0.47921005
0.3379308
0.5571933
0.4367651
0.42890975
0.7595824
0.5508246
0.27506363
0.24424048
0.23419806
0.23629408
0.29328394
0.7505391
0.49728617
0.6044941
0.7588196
0.41286734
0.3720807
0.36384997
0.31302226
0.4102784
0.31677315
0.49976972
0.3044983
0.31997892
0.28925177
0.37513274
0.25181156
0.21011509
0.20805208
0.21056555
0.2186229
0.26578385
0.70432687
0.5514886
0.26184055
0.2335175
0.22809051
0.26095897
0.6944098
0.26042464
0.21760713
0.2118873
0.21893278
0.5768436
0.75882757
0.58881235
0.28775063
0.24783263
0.28100488
0.78819025
0.7138708
0.6950435
0.73295265
0.81436
0.61785525
0.20836364
0.19343114
0.2169593
0.8077865
0.8093081
0.35728988
0.2882663
0.34892994
0.37364438
0.75743186
0.65457237
0.5987021
0.5576932
0.40000865
0.33556744
0.42825234
0.42716765
0.29432067
0.30598122
0.30735877
0.25583345
0.34279412
0.29794157
0.24050581
0.2965749
0.61982745
0.6858017
0.84104455
0.74624443
0.19568583
0.2564426
0.111017965
0.14623992
0.08104057
0.075178586
0.08457372
0.26080096
0.9306702
0.86858857
0.8686452
0.1048644
0.05561979
0.04557887
0.0508152
0.077737495
0.08990714
0.13152821
0.17379236
0.70676476
0.7044452
0.68471503
0.39293605
0.24189515
0.19222741
0.16129526
0.16751672
0.18694016
0.34675395
0.23747385
0.23963073
0.624637
0.63094383
0.21039532
0.17436996
0.1975653
0.20751493
0.8351275
0.26094717
0.24970648
0.8704619
0.114978835
0.069243886
0.06402866
0.086576015
0.09457578
0.15771927
0.78138435
0.21284549
0.26484752
0.9014499
0.8357897
0.084409945
0.04789642
0.040038876
0.042825732
0.048177883
0.056468926
0.09748412
0.92766714
0.9080231
0.08972977
0.045081124
0.038372215
0.039937392
0.042747255
0.04710661
0.091173746
0.91823655
0.86793554
0.8817804
0.09563468
0.067824304
0.11326791
0.9160348
0.92942375
0.9187351
0.8876617
0.8554467
0.8868926
0.104909785
0.06643122
0.091877945
0.9141823
0.9099791
0.9482384
0.09227569
0.050433293
0.066269
0.06468896
0.04767004
0.047679946
0.06305847
0.056512654
0.05366024
0.07688742
0.07102832
0.11935789
0.8756945
0.23560038
0.29923522
0.7970322
0.80131495
0.8113541
0.8136483
0.828111
0.90299433
0.8994466
0.79389197
0.85959405
0.7481848
0.088076204
0.07633632
0.07629517
0.11153361
0.8855946
0.82166225
0.109532595
0.05996835
0.057448335
0.0702469
0.12556556
0.91035646
0.117159136
0.059445143
0.050066702
0.048722014
0.056991234
0.065123715
0.051564742
0.057243537
0.0971041
0.88595337
0.37774825
0.9244021
0.092565484
0.04589895
0.04234079
0.038962167
0.041539893
0.038883343
0.04539147
0.094028294
0.94281715
0.94692713
0.9610299
0.086545974
0.037549257
0.034756213
0.03649676
0.03481717
0.040754724
0.053659223
0.08286137
0.9207981
0.91441107
0.30308425
0.8120996
0.15848163
0.097952686
0.12335191
0.8592998
0.13576092
0.081066035
0.07311148
0.09375441
0.89304316
0.90895474
0.8511106
0.8569156
0.9042666
0.8827929
0.91796887
0.9166195
0.8501207
0.9067438
0.084530585
0.049465362
0.044222508
0.05113568
0.06064729
0.08233725
0.117050104
0.76893556
0.76855135
0.82833594
0.22481158
0.18941946
0.22799449
0.2670164
0.7919647
0.5047198
0.33713886
0.6647812
0.36289874
0.2695409
0.70409304
0.34074864
0.14498919
0.119990274
0.12181033
0.14754951
0.22109538
0.80878603
0.2938289
0.43927184
0.22289847
0.22497925
0.6179672
0.60978264
0.1976339
0.18290307
0.2570977
0.7068317
0.855655
0.8950367
0.16298874
0.15120466
0.748885
0.11454404
0.13566282
0.075570695
0.044988476
0.044117756
0.05394895
0.042481363
0.0423209
0.0768587
0.9281708
0.9512565
0.9526053
0.90520614
0.0800259
0.07422764
0.100038946
0.8685463
0.12414441
0.06679531
0.07110642
0.12778738
0.82672733
0.7983425
0.31491476
0.24940896
0.8991782
0.92656153
0.10134969
0.06686287
0.07362012
0.046031322
0.043717645
0.06336926
0.06748776
0.086062714
0.89758253
0.89181507
0.9503325
0.9519342
0.10396442
0.1169082
0.068682484
0.042172667
0.041581426
0.050551713
0.049494077
0.048300438
0.046939835
0.045295507
0.054694805
0.14061446
0.8849803
0.9307802
0.9366079
0.09658364
0.058404475
0.06532027
0.08263724
0.84700066
0.89690435
0.15811737
0.15506007
0.28444248
0.8934927
0.9382721
0.9366191
0.8663869
0.21897817
0.27029845
0.20518075
0.8880385
0.9052806
0.11646199
0.13160667
0.09146266
0.098119766
0.8040432
0.89601463
0.8373216
0.9148715
0.9158743
0.08156883
0.06025756
0.065157525
0.079054534
0.87895983
0.93806714
0.92617136
0.9442981
0.9047118
0.07803871
0.09455324
0.05455425
0.039025486
0.03376935
0.03173811
0.03593413
0.06766944
0.91997164
0.91918224
0.9370449
0.9307249
0.8725862
0.84810317
0.89214385
0.8844618
0.91473573
0.91853637
0.8919867
0.91189116
0.90695554
0.07988517
0.063661054
0.07108263
0.10026854
0.8821136
0.8351682
0.82170266
0.901153
0.28148985
0.09364202
0.085601576
0.11229968
0.12777388
0.27575973
0.32196578
0.17785218
0.22984041
0.26325807
0.248009
0.6150402
0.856978
0.8167573
0.86242217
0.77135193
0.69899577
0.1568849
0.14816283
0.15210144
0.20504783
0.836179
0.8253526
0.8976502
0.8981008
0.82168084
0.85036886
0.76600975
0.6876539
0.69863796
0.85790735
0.18996996
0.19165151
0.8749873
0.08181337
0.045952637
0.039500047
0.037308574
0.046257496
0.047260664
0.06885475
0.8887051
0.8799214
0.9075014
0.8929387
0.9427147
0.081508584
0.04993233
0.0621897
0.084653504
0.77467316
0.10438735
0.083600946
0.11991918
0.85281175
0.20466733
0.20864901
0.86282516
0.79798657
0.8135394
0.9097152
0.824117
0.09197801
0.093412556
0.053266533
0.046211842
0.07612153
0.10498977
0.9297137
0.9373496
0.12212293
0.12953803
0.12628332
0.8425483
0.076105095
0.044493496
0.041565333
0.04995823
0.057816293
0.08677572
0.9102379
0.88258344
0.9000333
0.08489909
0.059085034
0.045733538
0.04294924
0.049742896
0.082606606
0.84880036
0.8465781
0.87248844
0.1038723
0.06685554
0.052098624
0.04906389
0.061569426
0.06249739
0.060813233
0.09063212
0.13160583
0.77274704
0.7504467
0.729395
0.26384628
0.33255705
0.21323127
0.4922476
0.8937482
0.8923922
0.8849464
0.9060322
0.8733203
0.8778239
0.9020802
0.8327709
0.7580357
0.13480172
0.0993953
0.12991928
0.13274848
0.7809366
0.90580297
0.8269299
0.09690756
0.06527635
0.095818184
0.06410459
0.078325756
0.05325257
0.04671102
0.04705929
0.05122556
0.078437634
0.8354414
0.12132895
0.07853305
0.09769027
0.8939466
0.9257032
0.95025116
0.9395536
0.14143544
0.15288511
0.86200804
0.06922414
0.04409003
0.041322414
0.06447692
0.9139973
0.930533
0.9118477
0.89668286
0.9247544
0.9050472
0.9271849
0.91066474
0.22330388
0.76800823
0.081824236
0.07590036
0.11094262
0.87552214
0.098538466
0.06304637
0.091383055
0.081511006
0.1522995
0.8347154
0.1128431
0.06848126
0.06870066
0.06746799
0.07153791
0.118520126
0.8152746
0.12679833
0.11287683
0.105748154
0.13848141
0.8493786
0.17053689
0.15830727
0.16720824
0.1471709
0.73141664
0.3037442
0.27958894
0.8109041
0.24053533
0.23223594
0.71084005
0.71036613
0.14209168
0.117793776
0.099357955
0.107507184
0.16549155
0.70833004
0.3562907
0.78509897
0.40190664
0.26936096
0.43166143
0.27519754
0.677296
0.18865581
0.19072407
0.14814192
0.1475278
0.1705659
0.21040696
0.7890503
0.43331087
0.3699575
0.7273954
0.81631714
0.69581676
0.41182655
0.77669334
0.19828679
0.15331902
0.20654494
0.21460477
0.39091542
0.79292566
0.4272004
0.6258929
0.7864096
0.39561728
0.45233902
0.810621
0.88458854