0.86536527
0.8515916
0.7582074
0.68404806
0.70303833
0.7481224
0.8266871
0.32089758
0.3010668
0.8569771
0.88749266
0.7119687
0.5975688
0.1526149
0.14645064
0.7055914
0.85515344
0.7505637
0.7350216
0.89599174
0.105264865
0.057847124
0.06336086
0.06139658
0.07371079
0.08354101
0.06769897
0.09436623
0.06537266
0.068052016
0.09995782
0.8277878
0.09773908
0.066011295
0.06697216
0.098327644
0.8741773
0.87871814
0.08301246
0.04413048
0.038409267
0.038101044
0.0563876
0.09531457
0.93169427
0.9268596
0.8898936
0.9150245
0.069358274
0.049843337
0.052652314
0.08679203
0.87888265
0.15073198
0.13823211
0.7704249
0.8518578
0.10244056
0.084288806
0.0646861
0.08782222
0.7501829
0.16304418
0.1864007
0.890309
0.79077333
0.12410934
0.11138017
0.10732852
0.18479979
0.20189646
0.09692664
0.10156616
0.109141625
0.11553135
0.18753856
0.4423794
0.39723882
0.84663504
0.8511851
0.46295184
0.4261319
0.59521985
0.3377462
0.41885975
0.28281686
0.25344324
0.56410784
0.30640656
0.23616107
0.23566131
0.16574922
0.14366446
0.14845349
0.14790022
0.16574635
0.1991353
0.80716735
0.18600968
0.13378316
0.13004649
0.13995253
0.72953254
0.24474098
0.106486075
0.08585502
0.08935569
0.10820866
0.74284846
0.25274563
0.14149198
0.15544672
0.74184763
0.80182767
0.88997877
0.80723053
0.77733123
0.80016667
0.89868903
0.81935537
0.092143774
0.078760974
0.10483559
0.88785136
0.14255057
0.062590525
0.05711575
0.087923154
0.88860404
0.94094455
0.08093935
0.043855805
0.041780345
0.050714035
0.09124896
0.90580297
0.19226125
0.090877764
0.11482894
0.8438159
0.31305698
0.91204435
0.92716765
0.9050071
0.87414056
0.23739557
0.8199868
0.119620144
0.08539564
0.13724455
0.89528954
0.09437915
0.065027766
0.05559884
0.06731595
0.12377674
0.9200294
0.17709228
0.07069703
0.054134578
0.059963904
0.059610177
0.058141828
0.059473973
0.06130879
0.06621878
0.07387725
0.0697257
0.06398326
0.06427139
0.073434725
0.12604804
0.8410993
0.13362755
0.08665832
0.09069786
0.13681583
0.87700444
0.1388209
0.099177666
0.102986276
0.16490333
0.70532316
0.69876987
0.71582514
0.7554632
0.88068986
0.78552496
0.16211942
0.2236962
0.07418204
0.05792951
0.057447303
0.09021006
0.13139239
0.9197791
0.8942612
0.88307613
0.88794667
0.9392886
0.07444666
0.043680936
0.04025148
0.04295531
0.0515325
0.07953194
0.120895505
0.79137164
0.8945769
0.79831326
0.15723327
0.09053992
0.072747715
0.09961082
0.13881965
0.14666921
0.8796645
0.16284928
0.121688575
0.18535939
0.82344234
0.11186297
0.08843718
0.09693498
0.048316687
0.04128884
0.043747537
0.0648885
0.88528347
0.9329881
0.88983876
0.87293094
0.9235561
0.092493966
0.09209537
0.074831046
0.095092796
0.91573584
0.93686754
0.8820394
0.8183853
0.9191736
0.08791212
0.0714667
0.11425486
0.86228174
0.07754685
0.054929502
0.04082897
0.051913764
0.09034407
0.92809194
0.93591315
0.928651
0.9416426
0.10910216
0.06294432
0.038083818
0.04054279
0.041644145
0.04791258
0.049268316
0.048669435
0.048278496
0.06328737
0.071020156
0.09296935
0.82405347
0.8174335
0.8186979
0.8416881
0.92947966
0.0929804
0.050512314
0.046058074
0.051869594
0.0798542
0.16315629
0.13148929
0.7892909
0.19079334
0.15665416
0.1632744
0.85458654
0.15680784
0.1216724
0.17500056
0.11357902
0.1058969
0.15010329
0.71941024
0.86600995
0.15583108
0.12103479
0.19796237
0.16262616
0.13625218
0.748962
0.17894728
0.11149616
0.171856
0.8713256
0.9158284
0.9418523
0.93112683
0.1192486
0.106910795
0.18998046
0.72912765
0.13951114
0.16568135
0.14275399
0.13228476
0.16453847
0.7403309
0.8976515
0.9074556
0.8238458
0.81633353
0.8580232
0.8170125
0.8334897
0.6882661
0.51541865
0.752391
0.40290207
0.4503745
0.24083875
0.20983982
0.18751113
0.1855897
0.1908782
0.22999269
0.5822958
0.74870116
0.32167733
0.2676223
0.28835005
0.2832097
0.4158802
0.4727158
0.5935279
0.3530906
0.31118685
0.2787159
0.21622975
0.25665775
0.18081316
0.17644402
0.547715
0.62521374
0.68632936
0.8564831
0.17622757
0.20620196
0.11797242
0.12668172
0.7115047
0.1325008
0.08046206
0.07277129
0.09636594
0.1239726
0.8900025
0.9152675
0.11478972
0.08781494
0.10736036
0.7578839
0.9312339
0.119118005
0.050786722
0.045220584
0.050031994
0.045667652
0.045245495
0.04709941
0.04470465
0.054450486
0.05919704
0.06902978
0.86798024
0.8550409
0.9011304
0.94614685
0.9270317
0.8917966
0.87193704
0.92399544
0.064303614
0.050434798
0.05658035
0.08531536
0.92429626
0.94460905
0.074649975
0.038969696
0.036231212
0.03401342
0.033713806
0.041261725
0.04724837
0.06723028
0.9204186
0.9322929
0.95950305
0.9549693
0.071952954
0.061589077
0.04412291
0.03695424
0.041814473
0.073013775
0.8441539
0.7827625
0.79775214
0.17310743
0.17379265
0.8968335
0.8655579
0.9396319
0.19914985
0.05809145
0.041593067
0.049634777
0.04356055
0.050996196
0.08696541
0.068069875
0.09358623
0.18191248
0.8944969
0.9353765
0.93374634
0.7985898
0.2844102
0.38608074
0.28186303
0.9005066
0.9345545
0.09517517
0.08804215
0.0431109
0.037171103
0.04071984
0.061992116
0.071869455
0.112536356
0.11131996
0.0857941
0.09302587
0.8973039
0.9143428
0.8895922
0.94560313
0.088085
0.07783485
0.06026594
0.06403499
0.08037605
0.059513114
0.04632433
0.0418798
0.04046467
0.055901237
0.08907625
0.90706325
0.88468647
0.92547417
0.9213316
0.8339268
0.81143516
0.872281
0.8629354
0.90362376
0.90845084
0.87117416
0.89909106
0.90883845
0.08803388
0.06295908
0.066283874
0.07144352
0.17061678
0.19538568
0.18233609
0.43197647
0.81775767
0.23905583
0.20721464
0.25567403
0.32755202
0.83196366
0.8316385
0.24958085
0.26261663
0.26074696
0.22093335
0.41020486
0.49427542
0.41828498
0.8115057
0.36164615
0.2300302
0.14001359
0.1447865
0.14430018
0.20360905
0.8349025
0.7755559
0.8764151
0.8879217
0.18311174
0.2274455
0.1448152
0.1116726
0.13935837
0.8624936
0.80919605
0.11105638
0.10559555
0.06405011
0.050133985
0.04760996
0.04889299
0.056451857
0.04746471
0.04687128
0.049839452
0.08327172
0.91342694
0.88459796
0.94626385
0.07718291
0.040057663
0.03599958
0.037222266
0.054717775
0.87859434
0.89874756
0.9190676
0.9363249
0.9110519
0.90573484
0.9302287
0.9021919
0.8790582
0.921265
0.06306993
0.040836338
0.052695192
0.050566684
0.077750035
0.91115075
0.8639022
0.9367915
0.21869007
0.07522558
0.111353315
0.053167306
0.06347405
0.05085165
0.05155698
0.056216158
0.10171071
0.11711076
0.120699964
0.8278986
0.8301757
0.12021831
0.098867655
0.16420233
0.114235915
0.0834846
0.07675421
0.077901304
0.0687323
0.07182575
0.078015305
0.10562999
0.1407646
0.14296238
0.14035779
0.24138924
0.75559306
0.75649893
0.19171634
0.10385948
0.07431855
0.074714445
0.1369453
0.1112851
0.20592111
0.20740758
0.5144114
0.9166048
0.90264446
0.88763237
0.9229621
0.8501923
0.17214802
0.1686883
0.110242784
0.080476426
0.118977316
0.15196194
0.874009
0.16898263
0.12424567
0.2935248
0.09635357
0.07985156
0.08458208
0.16262622
0.11641661
0.16424969
0.10971459
0.12700748
0.12995182
0.7395641
0.116396114
0.08998386
0.11733059
0.1362007
0.86485356
0.23157799
0.19555536
0.8841501
0.9133467
0.19187294
0.19434099
0.890491
0.10513862
0.04658064
0.042676844
0.060536906
0.077807404
0.082057536
0.08049061
0.90101963
0.9470699
0.8896225
0.9536292
0.09580184
0.035744004
0.029544702
0.030291136
0.03108037
0.03176542
0.037331007
0.039554927
0.068028286
0.94563425
0.95520025
0.96469516
0.93247783
0.054257706
0.0336877
0.032139495
0.034328353
0.038114574
0.041913234
0.0432653
0.048325446
0.083116926
0.8677361
0.8314294
0.9202038
0.11763052
0.086710736
0.08916989
0.10345155
0.11588624
0.7619138
0.14370297
0.1611498
0.09795
0.114994936
0.8176899
0.7940361
0.81472623
0.11298546
0.058586646
0.05083014
0.05727893
0.07576683
0.13013951
0.8898335
0.79104334
0.19987766
0.28780007
0.117088445
0.14050819
0.09963164
0.13103895
0.120660596
0.14024189
0.20345896
0.76243114
0.834548
0.7120553
0.23492414
0.21171032
0.3158166
0.2075477
0.26449162
0.78263074
0.22503708
0.18071978
0.23486863
0.26445997
0.7044156
0.5692689
0.46829513
0.8378874
0.8364373
0.35079393
0.3421841
0.44354144
0.8396983