0.85703677
0.7687225
0.282915
0.21653304
0.22951376
0.2102853
0.25361413
0.2673732
0.75355065
0.8898775
0.8845945
0.584266
0.38217103
0.65379274
0.8065705
0.74252427
0.81225365
0.6950644
0.6919492
0.8346684
0.74758285
0.1634861
0.2082558
0.79063255
0.14242284
0.1052836
0.069183275
0.10178632
0.058491185
0.053407643
0.055317637
0.054224983
0.05348612
0.051509943
0.052323345
0.055938438
0.08857152
0.8897192
0.90565425
0.92000425
0.08998856
0.0536309
0.06821042
0.06159477
0.05329081
0.055950444
0.06642555
0.06752412
0.07173909
0.082121395
0.08495752
0.09645665
0.14318974
0.107356295
0.078779586
0.094981685
0.087376125
0.08670512
0.12096554
0.08574471
0.10755916
0.778887
0.12731965
0.104078434
0.1612731
0.84029406
0.820583
0.8311592
0.1308471
0.14244892
0.12589295
0.09951821
0.8253391
0.822859
0.8298698
0.8897352
0.94138783
0.9344565
0.9454986
0.94080114
0.071431406
0.052813474
0.051355783
0.04239948
0.058183253
0.063398935
0.09795118
0.83201045
0.14881937
0.0972328
0.094183534
0.06941067
0.06793809
0.0849928
0.107685566
0.1291242
0.76754904
0.3743963
0.15001778
0.109874085
0.10150361
0.10025311
0.1501245
0.8645803
0.1422197
0.09651173
0.092531726
0.10622612
0.817799
0.90693593
0.81948376
0.13465138
0.09808075
0.12816781
0.8890462
0.8657999
0.8493317
0.87569153
0.9256162
0.84086084
0.090186656
0.08405315
0.108571656
0.8791027
0.1645009
0.071306765
0.061643984
0.09473109
0.8706614
0.93395454
0.08011314
0.044131152
0.03960274
0.049098365
0.08692028
0.9259049
0.9224023
0.18071283
0.19094415
0.7973845
0.3158881
0.8953827
0.91016436
0.8814627
0.84343594
0.2503564
0.7881438
0.23844086
0.16739707
0.8249736
0.9239878
0.09000781
0.07270536
0.05509952
0.0639728
0.11670614
0.9178532
0.23901097
0.078221686
0.055785883
0.06670984
0.066675596
0.06485149
0.077434324
0.11281459
0.8128984
0.18188992
0.1198929
0.088839695
0.09215178
0.11179164
0.19216458
0.7131399
0.23144875
0.17680255
0.18433028
0.2207669
0.83774257
0.19588982
0.12935664
0.10791856
0.12913208
0.11331663
0.11984704
0.17180343
0.80838966
0.91346765
0.85808307
0.123427704
0.1386156
0.053238235
0.04362604
0.044007733
0.06727589
0.102716625
0.92717373
0.9078065
0.90076286
0.90252024
0.9446336
0.06703723
0.038533736
0.035474714
0.037890363
0.04448552
0.066994764
0.10486695
0.8182194
0.8982844
0.8162177
0.14478192
0.08265288
0.06812939
0.09423595
0.13342276
0.14336988
0.8827198
0.16116135
0.11923544
0.17967276
0.8282948
0.10835992
0.08298399
0.0888226
0.04634416
0.03986728
0.042246375
0.0629822
0.88850033
0.935247
0.89821184
0.8802281
0.9253802
0.08942729
0.08818151
0.07245518
0.09302562
0.91617686
0.9375768
0.8866488
0.8222912
0.91986626
0.08719473
0.071103916
0.11390722
0.8622757
0.07740059
0.05490346
0.040872585
0.05211046
0.091007315
0.927868
0.93453616
0.9261865
0.9406443
0.10955659
0.06371738
0.038391337
0.040806614
0.04177061
0.048101783
0.049436703
0.048653487
0.04842175
0.06482129
0.07381276
0.09504637
0.8327662
0.8183802
0.81806815
0.8371687
0.92407554
0.09805282
0.053827956
0.048329476
0.053728588
0.083690435
0.16656877
0.1330857
0.7953896
0.19528385
0.15639922
0.16186263
0.84942234
0.15462819
0.118740894
0.172711
0.10928844
0.09999789
0.14988567
0.7595053
0.8776954
0.1385695
0.10454752
0.18472965
0.15122448
0.1260434
0.7800498
0.17882071
0.10280047
0.16073301
0.88041866
0.91465026
0.9421427
0.93204165
0.10941963
0.09617825
0.16776615
0.7804268
0.11729623
0.1331657
0.10136981
0.0844947
0.10895199
0.827813
0.9106501
0.91324484
0.8260954
0.83036953
0.88732535
0.86641675
0.913916
0.91424805
0.8307938
0.2584645
0.08076568
0.079471536
0.15572353
0.10133595
0.11401264
0.14810093
0.71689576
0.12098263
0.10903395
0.16092679
0.14392428
0.760376
0.7577827
0.8161908
0.90980613
0.9071398
0.76506144
0.21087293
0.18135428
0.13931991
0.20183223
0.8544761
0.14609802
0.09956114
0.09656337
0.096785195
0.14735319
0.3884027
0.23439261
0.4593234
0.2197383
0.20239492
0.21356864
0.26474404
0.55334616
0.31204465
0.36180177
0.6840902
0.85203636
0.86620027
0.75894964
0.79112613
0.36109757
0.3002741
0.39067325
0.36479804
0.32939237
0.58076024
0.73870754
0.35752067
0.3083955
0.38692597
0.63247204
0.77629846
0.5375433
0.27221796
0.23373698
0.23374625
0.24935086
0.42823744
0.62175703
0.5992405
0.3815779
0.4377526
0.3502387
0.42844743
0.65253603
0.7058278
0.8136088
0.80132186
0.41454223
0.3615317
0.69896775
0.2932154
0.24729213
0.31240073
0.21037275
0.20720668
0.20937733
0.2695883
0.8310709
0.86582637
0.78475946
0.82646245
0.71373636
0.62582016
0.57100403
0.29188135
0.18258826
0.15633847
0.15237385
0.16640076
0.7193554
0.8703673
0.8142875
0.89712554
0.9031719
0.12672222
0.08556932
0.107763365
0.11301505
0.7667281
0.88066167
0.19056095
0.19035944
0.31317592
0.8836939
0.9346397
0.9332653
0.86334676
0.22795507
0.2691043
0.22590119
0.883484
0.90021396
0.13838892
0.16303325
0.12911585
0.13524702
0.75855297
0.88001025
0.83330816
0.8971068
0.87752855
0.22935396
0.19213441
0.22557274
0.24369016
0.8080017
0.91351485
0.8908178
0.9164924
0.8472778
0.1402589
0.19140172
0.116059735
0.08240328
0.08411341
0.069910206
0.075151704
0.14077164
0.8957731
0.89734507
0.9255858
0.9183298
0.8503388
0.82789224
0.8780854
0.8781099
0.9097833
0.91638434
0.8999095
0.91316384
0.90068275
0.09948845
0.08693057
0.104934156
0.14277975
0.8653545
0.8285274
0.77288103
0.5506274
0.41441932
0.30839837
0.6858952
0.75915927
0.8212303
0.9042503
0.8841285
0.25023112
0.278364
0.37100747
0.79599154
0.9052138
0.90619725
0.8308103
0.8713736
0.77669376
0.73992777
0.09090897
0.068912186
0.06477053
0.06910635
0.17509347
0.17040588
0.9107892
0.92381674
0.14218365
0.15671404
0.111524805
0.08715664
0.11932996
0.88691527
0.84041053
0.099973954
0.0814725
0.057698727
0.047881264
0.04694335
0.048411183
0.052976698
0.046076797
0.045121364
0.048046716
0.07993457
0.9138501
0.8918353
0.9474526
0.07451387
0.039141152
0.034592714
0.035691872
0.051950146
0.8834963
0.90656173
0.92487055
0.93877393
0.91866463
0.9133424
0.93402946
0.9101769
0.8880885
0.92403525
0.057141695
0.036737476
0.04372983
0.045188118
0.07335633
0.91462535
0.86695796
0.94132674
0.18485259
0.06434106
0.0856699
0.04857173
0.057514727
0.0497256
0.050973117
0.054485783
0.087098695
0.10244058
0.111103766
0.81886315
0.8000244
0.11566311
0.09153332
0.13160188
0.12820391
0.14062168
0.80439365
0.75406605
0.75649065
0.76411104
0.7713044
0.13541874
0.11247567
0.0886515
0.08238995
0.13694513
0.17753921
0.7500829
0.73282236
0.18713196
0.12379401
0.11573085
0.12659387
0.22447316
0.85283726
0.83830434
0.8956668
0.89238924
0.8147537
0.80839384
0.86238164
0.8176216
0.80702794
0.87404066
0.14136194
0.09501756
0.12420564
0.11255808
0.1540274
0.14227264
0.18434557
0.81454253
0.27461413
0.25621134
0.7026478
0.41630262
0.20546687
0.21634346
0.14263079
0.18098065
0.14091422
0.11014077
0.114019506
0.13782138
0.24655539
0.7143176
0.49292445
0.31070244
0.34493566
0.8401561
0.852621
0.6840604
0.24380243
0.33025876
0.23789875
0.18341455
0.20095801
0.6869297
0.8133632
0.56619817
0.41522294
0.672741
0.5541805
0.39219525
0.8646477
0.33406323
0.08889092
0.052524593
0.04963606
0.048276443
0.051528815
0.08665922
0.06734121
0.09977882
0.9329383
0.9225002
0.95306927
0.9006529
0.07495129
0.049984366
0.05352397
0.046163697
0.051379506
0.07023108
0.07338322
0.06892057
0.0918373
0.08241123
0.079127945
0.09685368
0.072856456
0.07068235
0.062777825
0.046192218
0.051398564
0.082079686
0.9062078
0.940376
0.8444815
0.8656213
0.08803469
0.0699048
0.093831696
0.8368584
0.07728172
0.052965567
0.041281838
0.044403747
0.07689039
0.93870693
0.94522935
0.93496513
0.95355976
0.06172657
0.03396711
0.030830437
0.034231324
0.035573978
0.03791463
0.046244893
0.08090804
0.9165291
0.83732295
0.84455323
0.89119744
0.17111626
0.057497315
0.053704012
0.07633184
0.05444287
0.04827541
0.07021958
0.07113194
0.15886565
0.90660125
0.898943
0.9286926
0.9286696
0.8954349
0.90738225
0.92359185
0.90273637