0.79909635
0.54407525
0.34849352
0.3484627
0.6440694
0.7714884
0.50984967
0.4060283
0.64718175
0.83419144
0.86163783
0.8303591
0.2875615
0.23588134
0.33403942
0.564342
0.33499205
0.21083255
0.20397662
0.7994535
0.19921711
0.18542352
0.70644534
0.79941756
0.15577367
0.111814246
0.07142845
0.09844794
0.05845626
0.05323437
0.054921992
0.05403521
0.053528495
0.051881894
0.05308606
0.056776375
0.08976444
0.87765515
0.8921832
0.91332877
0.09249675
0.055408474
0.07011161
0.06320438
0.054172996
0.05700326
0.07135431
0.07255812
0.07845494
0.093487576
0.09877412
0.1153739
0.18246816
0.17368887
0.13119617
0.1643129
0.15022825
0.155883
0.25081235
0.19094911
0.7049537
0.6717014
0.32566568
0.7493874
0.836441
0.36930305
0.72915125
0.80349725
0.8568414
0.9148173
0.9146788
0.8505106
0.76847523
0.6814413
0.30289406
0.7666443
0.86198145
0.4865894
0.8840585
0.91371745
0.12926927
0.11131321
0.116557315
0.09372038
0.16115183
0.14033085
0.15428884
0.6593726
0.6630866
0.66827565
0.6700124
0.65393215
0.6411249
0.20503017
0.1704319
0.16319156
0.6836775
0.25173432
0.108858
0.08517035
0.08600219
0.11935529
0.15064457
0.87785006
0.1248718
0.07935181
0.07506596
0.09065583
0.82620925
0.91553575
0.8404083
0.11903927
0.08542467
0.11120859
0.8936262
0.8766328
0.8630189
0.88519305
0.93143535
0.85925573
0.08344816
0.07690405
0.10347055
0.88135195
0.15162507
0.06725111
0.05931284
0.092310704
0.88079315
0.93527526
0.07917433
0.04368548
0.039296594
0.048623074
0.0864288
0.9261241
0.9226266
0.18085705
0.19228509
0.7986102
0.3164751
0.8952883
0.9086073
0.8785721
0.84301007
0.25036782
0.78798443
0.23907216
0.1668755
0.8205524
0.9226627
0.0901616
0.07299719
0.05558296
0.06416504
0.116623275
0.9186531
0.23603237
0.07535944
0.053664796
0.06287108
0.06208585
0.060762815
0.0719581
0.10823508
0.83520687
0.1629148
0.099082425
0.07478946
0.07846725
0.09667331
0.17188086
0.7751456
0.17702568
0.12666811
0.13070668
0.17037758
0.34425843
0.2188489
0.21826039
0.6374855
0.6438545
0.2108512
0.17607178
0.1949539
0.20960397
0.84029484
0.26789138
0.25443572
0.87290597
0.11743113
0.07064878
0.065702766
0.09016013
0.0980638
0.16562
0.78704137
0.21906978
0.2765319
0.9037446
0.83635056
0.08479516
0.048076525
0.039975632
0.042709213
0.04827755
0.056642927
0.097345844
0.9290444
0.911169
0.08986193
0.044964936
0.038153812
0.039757688
0.042783607
0.04701782
0.09238565
0.92160773
0.87451506
0.8832056
0.09545695
0.06855345
0.11624209
0.9159748
0.9278869
0.91392183
0.878951
0.8492483
0.8828684
0.1120753
0.068937816
0.09444958
0.9117734
0.90303856
0.9458598
0.09854599
0.05496728
0.07675608
0.073129304
0.049544558
0.04837881
0.06636514
0.057825424
0.05469557
0.081344694
0.07344061
0.12217363
0.8737964
0.24037682
0.30769405
0.793587
0.7983395
0.80858314
0.81081545
0.8257606
0.90232587
0.8987413
0.79260755
0.8584799
0.7463437
0.08861929
0.07697294
0.07691024
0.11201263
0.8853047
0.82100695
0.10959279
0.060077336
0.05752677
0.07032338
0.12560946
0.9103276
0.11724047
0.059484035
0.050090518
0.048739586
0.057055537
0.065260656
0.051590387
0.057265855
0.097128294
0.88592374
0.3777271
0.924397
0.09258778
0.04591091
0.04236736
0.038971476
0.0415637
0.038896434
0.04541015
0.09410814
0.9427954
0.9468739
0.9610168
0.08665467
0.03757174
0.034788705
0.0365328
0.03483204
0.040799793
0.053749714
0.082941175
0.9207963
0.91439414
0.303202
0.81207466
0.15883526
0.09809703
0.1235031
0.8592863
0.13586225
0.08114026
0.07317749
0.09386107
0.8931053
0.908985
0.85122335
0.8572105
0.9044098
0.8830475
0.91825587
0.91703844
0.8509264
0.9073659
0.08421401
0.04914597
0.043939512
0.05076891
0.060226362
0.081899546
0.11696201
0.76971865
0.77036685
0.8300344
0.22149128
0.18651551
0.22776245
0.2707475
0.7971828
0.5074896
0.3388658
0.67090005
0.36309412
0.2719709
0.7135662
0.3441569
0.13632643
0.111823745
0.11362209
0.1385966
0.21130267
0.8188921
0.28899035
0.45163462
0.22228685
0.2248943
0.6318243
0.63741034
0.18377481
0.1675871
0.23065373
0.2901937
0.8573477
0.9080165
0.11929441
0.06655059
0.062285736
0.0661212
0.11308436
0.08169709
0.053356696
0.05163816
0.06344386
0.046989392
0.04577667
0.07907625
0.92160374
0.95088124
0.9534378
0.8953695
0.08346273
0.08081651
0.11221145
0.87974095
0.12738359
0.06544058
0.071539834
0.108944125
0.12251157
0.16491865
0.24782793
0.81518507
0.9070211
0.9002229
0.21316062
0.17659087
0.26740885
0.16719237
0.161365
0.23585735
0.21720015
0.2211381
0.72682077
0.80350834
0.92001456
0.9208727
0.20393452
0.2522053
0.15552269
0.089824446
0.08551756
0.121240705
0.13315384
0.11445921
0.113049224
0.114378616
0.16792472
0.87636447
0.83063567
0.9189345
0.9183623
0.1272903
0.084943436
0.10734567
0.11439394
0.7959629
0.88491064
0.19535232
0.19467033
0.33468038
0.8869067
0.93442905
0.9332099
0.86498046
0.2440662
0.28394827
0.24250846
0.883586
0.9004378
0.14265157
0.16536486
0.13226196
0.13747333
0.7549206
0.8853001
0.8412206
0.9051766
0.8907749
0.18175806
0.15058693
0.17652626
0.19439249
0.8250101
0.92144734
0.90509474
0.9254402
0.86277664
0.11877762
0.15574196
0.09667079
0.071495436
0.07316054
0.066592954
0.08701871
0.8267478
0.9081149
0.88919586
0.9259417
0.91582566
0.8026375
0.7590506
0.85924685
0.1419332
0.16922058
0.17985888
0.16507083
0.9012484
0.9115796
0.13146795
0.120395586
0.7055193
0.24896346
0.88136685
0.91034263
0.9162299
0.9298965
0.90460193
0.24509455
0.7227457
0.18436266
0.1943158
0.884232
0.9006546
0.118238874
0.12352109
0.13306656
0.15000713
0.8876895
0.9139622
0.8757606
0.89632165
0.8351385
0.7972745
0.8486691
0.17828546
0.15078804
0.1900878
0.8388872
0.81824607
0.9039874
0.9054008
0.75708663
0.24473749
0.13733487
0.10767403
0.13409817
0.8662838
0.8171329
0.10295963
0.09281369
0.06001939
0.048552737
0.04705236
0.048658777
0.054963335
0.046995007
0.046189707
0.049126998
0.08188902
0.91381043
0.88756156
0.94677573
0.07614351
0.039668113
0.035419688
0.03663728
0.053702924
0.8803911
0.90142995
0.92112154
0.93722844
0.91370463
0.90829533
0.9315828
0.90506786
0.8829831
0.92236644
0.060871493
0.03922155
0.04909774
0.048287846
0.075786464
0.91433793
0.8715268
0.94058317
0.20866747
0.07098365
0.102354154
0.050809115
0.059885427
0.049572315
0.05065034
0.05480205
0.092952885
0.106669284
0.115127005
0.8295838
0.8282867
0.114087544
0.08913663
0.13666889
0.10133054
0.0766892
0.07225688
0.06621662
0.075973354
0.10614993
0.748622
0.1810106
0.17567907
0.7808907
0.11944016
0.11033745
0.12671465
0.83530205
0.10237791
0.051911797
0.040335875
0.039544567
0.06509317
0.09967767
0.9216286
0.9258845
0.93944806
0.9348477
0.89538836
0.8831551
0.91008884
0.87969095
0.8798162
0.91260535
0.8628767
0.09587099
0.111329965
0.12702626
0.8477324
0.13073136
0.103127465
0.18055044
0.79219407
0.7746739
0.19007932
0.31351635
0.25817567
0.88687944
0.13154347
0.0637172
0.06218219
0.056170627
0.06269015
0.082395986
0.18251789
0.775729
0.3366371
0.2251383
0.2849351
0.8671864
0.87841105
0.7070915
0.34470645
0.4971732
0.6644467
0.6465876
0.25171876
0.2507376
0.53093123
0.8229569
0.7217298
0.72549653
0.8454663
0.7714674
0.8964556
0.26081124
0.07039538
0.04472331
0.042273846
0.040817626
0.042639684
0.0660605
0.056133963
0.08758403
0.9380339
0.9386419
0.95836455
0.9180534
0.065923735
0.042540777
0.04355141
0.04092419
0.04609484
0.059559572
0.063637696
0.062792495
0.091579646
0.1238829
0.8420727
0.18111001
0.08248245
0.06967194
0.061162908
0.045933094
0.05196541
0.083296224
0.9013941
0.93860275
0.83850706
0.8593043
0.08786101
0.0697516
0.09342025
0.8348456
0.077166796
0.052669927
0.041109595
0.044113096
0.07620621
0.93891025
0.9468687
0.93848974
0.9542073
0.060849734
0.033654995
0.030618396
0.034024242
0.035472672
0.037879094
0.046325132
0.081356816
0.91551816
0.8356742
0.83987033
0.8835061
0.16840847
0.058536377
0.05570669
0.07702537
0.06053379
0.062026758
0.11305295
0.7706733
0.471295
0.88684505
0.8971467
0.9266495
0.9231883
0.8661549
0.8582726
0.89008164
0.8989627