0.8022418
0.54699284
0.3395747
0.3197092
0.46213904
0.8217764
0.8472039
0.748922
0.75470537
0.8432048
0.86186844
0.8237143
0.5594581
0.31186616
0.30107558
0.52591646
0.7186212
0.37978932
0.3624939
0.7110958
0.55910003
0.2735085
0.28720728
0.25657687
0.28746703
0.31210205
0.26076847
0.38126263
0.20828062
0.17375149
0.17940304
0.18436977
0.5475446
0.20752653
0.21644117
0.19869335
0.637117
0.6787924
0.14125508
0.10009778
0.10615146
0.14180589
0.8642216
0.18764018
0.09532734
0.090540856
0.12018676
0.67783093
0.1558616
0.16486923
0.729344
0.7326409
0.91072464
0.099785365
0.0507676
0.049287982
0.04776676
0.051361978
0.06813727
0.08905354
0.8002656
0.109245054
0.0796935
0.11264222
0.89069
0.3190559
0.86476564
0.08334921
0.049330916
0.053778965
0.058256466
0.06412954
0.87399065
0.87160254
0.8942873
0.931693
0.9546777
0.95117563
0.9550565
0.94853055
0.053022537
0.03349333
0.031973686
0.034534696
0.043430302
0.046853706
0.0506873
0.05557265
0.060739525
0.06236274
0.06618974
0.058704607
0.05530729
0.06006086
0.07213154
0.099044286
0.80461705
0.88306034
0.7593498
0.7163236
0.20387055
0.19048308
0.66903996
0.2781024
0.14794435
0.13155535
0.13757344
0.17709851
0.20595354
0.3517291
0.28126204
0.613058
0.5946877
0.3377908
0.4352604
0.30491036
0.30384758
0.41853225
0.7744039
0.28157216
0.23666194
0.23189606
0.25273657
0.78980863
0.49200946
0.25938445
0.21383296
0.31231987
0.7707322
0.8721565
0.79360634
0.74173886
0.74138206
0.76537484
0.7843178
0.8598338
0.2936263
0.14921214
0.18253717
0.24852118
0.80063206
0.9106908
0.8297797
0.115735315
0.09747693
0.070397444
0.062041342
0.10562017
0.065937385
0.06741742
0.11273987
0.06744935
0.09013089
0.05587836
0.051959127
0.05908223
0.18990842
0.94912285
0.92825323
0.91532063
0.08348181
0.04511659
0.03836979
0.042614467
0.058908887
0.06852436
0.09947219
0.13888086
0.75323784
0.74519193
0.7243301
0.39969024
0.6874342
0.17802894
0.13389781
0.15854019
0.83925784
0.9140995
0.85424185
0.7894216
0.74924785
0.742363
0.122461334
0.110305995
0.15095367
0.7710736
0.4600461
0.80825865
0.13156089
0.14773804
0.057340577
0.04697325
0.04796284
0.07549776
0.114698924
0.92534596
0.89669263
0.88525665
0.88784313
0.9425404
0.072113834
0.04122294
0.037453733
0.040245675
0.047400177
0.07143412
0.11041124
0.8094992
0.9162008
0.1460578
0.09294893
0.06683997
0.0575903
0.07788432
0.09388066
0.08610535
0.1349458
0.8554264
0.11124943
0.08939085
0.05536023
0.051609777
0.06671308
0.12242971
0.9035824
0.9042926
0.0837117
0.06352231
0.04594131
0.057157896
0.06893427
0.9141752
0.95046586
0.939
0.94813144
0.078338325
0.04444532
0.057949133
0.06650425
0.07879741
0.85560536
0.20967278
0.14721303
0.8850465
0.9358419
0.90779454
0.87535906
0.9184712
0.123462394
0.14589776
0.8058047
0.07458332
0.058769908
0.06485997
0.06765165
0.14704381
0.9072102
0.11436284
0.07432883
0.05641439
0.071877725
0.100994796
0.84176743
0.8310648
0.9309414
0.16084309
0.072184935
0.050180785
0.050902057
0.072309375
0.0796807
0.12284861
0.07786788
0.071138404
0.07413152
0.08861489
0.14166138
0.2460233
0.102879144
0.10837454
0.13019311
0.12589665
0.12375179
0.2774336
0.21177928
0.6956365
0.30585724
0.20787941
0.65842783
0.712352
0.32009557
0.8590484
0.11296885
0.08045722
0.13830566
0.118036896
0.10803865
0.81906396
0.15449286
0.08898622
0.13837431
0.89241064
0.92445815
0.94684196
0.9372448
0.09762374
0.083713956
0.14110817
0.81074405
0.09872059
0.09518567
0.07034982
0.057375826
0.06356057
0.093257345
0.8981079
0.884887
0.29846454
0.3885694
0.86650187
0.8712437
0.9088495
0.90502197
0.8524451
0.8696388
0.8037073
0.7731942
0.7624948
0.76933867
0.8006308
0.098088965
0.058674153
0.05748057
0.07858802
0.15087299
0.11446539
0.12675864
0.1942168
0.26881692
0.8547695
0.8337082
0.30078313
0.30139214
0.30828705
0.27056915
0.69807774
0.7952101
0.20416407
0.16602267
0.17312138
0.1940431
0.7212701
0.8017726
0.35180214
0.5093015
0.30479
0.70339066
0.17614926
0.17923921
0.1343991
0.13765565
0.18332468
0.20208086
0.40978935
0.44934937
0.26376593
0.41505593
0.3173183
0.6574507
0.79782885
0.43030724
0.3328158
0.6412613
0.7930007
0.2377309
0.20609672
0.2540262
0.24750118
0.36300942
0.3892692
0.29694942
0.5848767
0.63851106
0.7170736
0.84614944
0.8002134
0.7371783
0.7381996
0.81514114
0.24631307
0.25893617
0.28174508
0.25086284
0.41084117
0.48539263
0.33459
0.57316554
0.4431025
0.3099031
0.56704813
0.37510708
0.2007021
0.18931393
0.18689555
0.22032928
0.50252765
0.87012744
0.85534674
0.88939476
0.7735461
0.29575667
0.16990678
0.19488744
0.17851748
0.15251236
0.15088534
0.15368558
0.22781307
0.8428581
0.80335844
0.8975679
0.90039593
0.18567207
0.109627225
0.123821504
0.099698745
0.09899187
0.17192295
0.1340677
0.24745542
0.895187
0.899064
0.9251899
0.9167614
0.848297
0.8502017
0.9048524
0.8808258
0.925582
0.93777066
0.07094866
0.054337192
0.034817774
0.033396628
0.03772903
0.053132247
0.060465064
0.08362551
0.07827872
0.06280193
0.075161085
0.90636283
0.9355423
0.93701875
0.955698
0.073546596
0.05879252
0.048343603
0.05357737
0.066093974
0.052257564
0.045426846
0.043506652
0.044211846
0.06745768
0.109678246
0.9031045
0.867224
0.92623395
0.9250582
0.78386045
0.29124656
0.43357888
0.80267465
0.9033228
0.9079045
0.84785134
0.89374
0.8884883
0.25083622
0.16864541
0.6046017
0.13575453
0.17592075
0.16123445
0.15668793
0.8889981
0.9089336
0.117143035
0.09375074
0.1172783
0.7703561
0.3982112
0.8906058
0.16977516
0.18453906
0.83759964
0.09145475
0.083078474
0.073648274
0.050325915
0.059469726
0.04850594
0.04151514
0.037897896
0.03741111
0.04145589
0.06973208
0.89681506
0.33360678
0.91348165
0.94019943
0.93581724
0.9397201
0.8980012
0.8509416
0.2653729
0.85292995
0.13905033
0.15947396
0.8769113
0.07704433
0.045117848
0.043493904
0.057908308
0.06324242
0.06214595
0.101762705
0.83303905
0.20328726
0.16713883
0.76040316
0.28144735
0.20841508
0.75622374
0.31393564
0.81038916
0.105930425
0.056688163
0.052561074
0.06755549
0.13036935
0.13012692
0.10003899
0.2010846
0.14086664
0.25044754
0.85971105
0.18555221
0.15010296
0.24361499
0.18771607
0.22544397
0.82818633
0.7960081
0.88581127
0.89273113
0.7954365
0.8834273
0.09966281
0.06645671
0.06369412
0.086333275
0.8764509
0.93026614
0.86589354
0.8573782
0.089949615
0.06816127
0.075997494
0.12658991
0.90151316
0.84156823
0.1118909
0.071545966
0.053902727
0.0549907
0.06011854
0.06975216
0.10671786
0.1820221
0.74384755
0.23029357
0.2778242
0.6861074
0.23000993
0.28921497
0.6993937
0.12222502
0.092271596
0.090848535
0.1376666
0.87463385
0.82446206
0.9208898
0.9261182
0.15053208
0.08580803
0.13585308
0.1184741
0.17835984
0.91494614
0.8539727
0.8031284
0.8440006
0.080306984
0.0601894
0.058491785
0.09746192
0.8984669
0.091606915
0.057378236
0.045434553
0.06447744
0.09328115
0.9283941
0.91438186
0.86867404
0.8688405
0.8362228
0.86790454
0.0654333
0.04794788
0.04283789
0.06298128
0.07947971
0.890298
0.9363028
0.9358404
0.09859169
0.07745726
0.11781062
0.110328645
0.79119265
0.7685946
0.7798006
0.28621048
0.2179796
0.1583483
0.13126235
0.26943198
0.84885806
0.9230582
0.918956
0.81481636
0.085574485
0.06989435
0.075165346
0.09542964
0.2037196
0.14201494
0.16842875
0.47797546
0.74993783
0.8506094
0.72940063
0.66199976
0.65265447
0.66165465
0.1222469
0.100181095
0.1347602
0.7591157
0.79271114
0.11466071
0.06230663
0.05313334
0.065090075
0.05114764
0.051751506
0.046641394
0.039414383
0.043771464
0.07257979
0.92348975
0.94791627
0.9020703
0.89225096
0.07738931
0.05947206
0.076648965
0.84361434
0.8195051
0.8364282
0.1401061
0.12582529
0.86476815
0.9319264
0.92615026
0.9042008
0.9156055
0.12580723
0.12676382
0.7780475
0.773513
0.8321482
0.09731806
0.07756861
0.10030937
0.89194643
0.83410716
0.83203685
0.8813366
0.15800871
0.056208663
0.054220412
0.081407465
0.055995557
0.050319735
0.06720473
0.06475165
0.12016538
0.28293946
0.86778766
0.90580106
0.5022788
0.25901228
0.35701433
0.8417901
0.9052998