0.8426238
0.8305911
0.7478346
0.6901994
0.7160589
0.7649053
0.8214656
0.78006107
0.8025999
0.87848544
0.8923221
0.86331356
0.706609
0.64883107
0.7601722
0.6858345
0.7460105
0.34386897
0.27941096
0.35860923
0.25864705
0.2364822
0.28058407
0.27195013
0.31820726
0.35482213
0.31070477
0.44310018
0.26857522
0.22895348
0.21794653
0.20283154
0.19927521
0.20542239
0.23900555
0.22017628
0.21428187
0.2387218
0.22012246
0.21331865
0.24447343
0.6355467
0.7813148
0.67550075
0.6097753
0.5567956
0.5079037
0.28121963
0.24806474
0.26757425
0.25507224
0.2792031
0.6808315
0.54749775
0.50715876
0.35174462
0.26945361
0.2559495
0.3258783
0.2241625
0.21098
0.205399
0.2161478
0.24371876
0.6630248
0.30241063
0.2854174
0.33465046
0.5704132
0.74174166
0.73577553
0.36139518
0.2550828
0.24069718
0.252701
0.530498
0.7488112
0.67772406
0.7617967
0.7357301
0.34744644
0.32896072
0.31884226
0.27305958
0.348014
0.27134827
0.44486895
0.2620094
0.27978575
0.25526986
0.516096
0.21921599
0.17745557
0.1681417
0.16432098
0.17958085
0.20996244
0.72968704
0.19598396
0.14757858
0.14084113
0.151758
0.6838714
0.24224982
0.11205461
0.092559874
0.095060356
0.11522704
0.68046325
0.8420944
0.689899
0.64088887
0.650341
0.71409404
0.8593952
0.77428037
0.77202976
0.8396415
0.15031287
0.049574144
0.04141731
0.04237274
0.04713228
0.061147112
0.061717827
0.049206186
0.05138725
0.08609243
0.89598095
0.94318
0.08687222
0.045728307
0.042138856
0.049943633
0.08632701
0.9017172
0.18661639
0.082868345
0.10779289
0.8944922
0.92691934
0.94297963
0.92840314
0.90815383
0.883761
0.87394387
0.88837737
0.108793385
0.07660248
0.12761557
0.8959288
0.08640849
0.055397246
0.051587217
0.06415025
0.12034304
0.92002386
0.1489455
0.0651635
0.053237755
0.059787024
0.06623526
0.059849292
0.059818547
0.060912468
0.064476274
0.07002471
0.06698011
0.0629793
0.063473664
0.0722631
0.122597225
0.8479921
0.13066268
0.08417649
0.08930123
0.14018542
0.894116
0.12534238
0.07464554
0.06875955
0.09265239
0.107054874
0.15236287
0.7259625
0.7734136
0.8729464
0.7466598
0.26816854
0.37767005
0.14009532
0.11321281
0.11174911
0.17046128
0.2386165
0.8926954
0.8585678
0.8479463
0.8627021
0.9229022
0.095483676
0.06293496
0.05901372
0.0643739
0.0822547
0.13044664
0.18380085
0.70205986
0.8268146
0.36586383
0.31405425
0.24898143
0.22157912
0.27893946
0.30578446
0.26328257
0.37399602
0.26698872
0.2444299
0.538566
0.6100291
0.3502927
0.42030686
0.8404236
0.18542817
0.113452986
0.09254848
0.08780598
0.112959564
0.20976613
0.18128945
0.8285972
0.91071105
0.83690894
0.90752345
0.15849106
0.099033296
0.14169961
0.14965205
0.12643453
0.7846301
0.25754946
0.18148112
0.84689045
0.921685
0.8731352
0.84934556
0.9103144
0.1437847
0.17244415
0.7853427
0.0862297
0.07857773
0.08892612
0.0876602
0.21867813
0.91336894
0.14203377
0.09903133
0.05995875
0.05582
0.06870421
0.078431256
0.12745565
0.9050576
0.18620327
0.08943687
0.060551748
0.06250276
0.07759909
0.13637505
0.91363066
0.12631048
0.06477114
0.05474707
0.05373956
0.06495132
0.07813445
0.058370955
0.0593255
0.062436964
0.0696689
0.12787484
0.9291501
0.11186297
0.05479597
0.04995526
0.043700606
0.045769066
0.041137163
0.0471985
0.09744626
0.94261974
0.9458893
0.9612649
0.08926535
0.038393386
0.03572004
0.037929922
0.036955204
0.0438742
0.058870565
0.09301994
0.9265436
0.9356193
0.097412504
0.06006675
0.07383375
0.06353585
0.102428205
0.88402957
0.14231974
0.082563475
0.07384435
0.095858514
0.8965835
0.9094514
0.8476864
0.8581963
0.90716714
0.8864406
0.9242573
0.9253521
0.86246556
0.9168076
0.07500628
0.042562816
0.03816482
0.044192795
0.051258527
0.06639893
0.08633017
0.29572493
0.78716195
0.8495458
0.18654178
0.15710218
0.20348607
0.25488976
0.860397
0.9091592
0.12659965
0.0949064
0.07675077
0.04745134
0.05134992
0.06823097
0.04419445
0.040611148
0.046086814
0.08288226
0.9344882
0.955152
0.9414733
0.13263454
0.043495692
0.03675378
0.03844689
0.051565602
0.07829686
0.8241648
0.7684329
0.15659067
0.19260846
0.23637138
0.18274988
0.8937704
0.14073323
0.14501497
0.11838442
0.062765196
0.040655237
0.039759897
0.044383474
0.0391833
0.04079703
0.074422896
0.9301766
0.9525121
0.9542548
0.90967846
0.07953413
0.07394153
0.10542112
0.8864206
0.11363901
0.051257044
0.04913445
0.067758255
0.07299354
0.09357433
0.13345684
0.87420493
0.9274181
0.9197324
0.79576683
0.842302
0.113995105
0.048724942
0.04286537
0.057209916
0.06057381
0.079183586
0.9006781
0.9036466
0.9528857
0.95302445
0.0917356
0.09370566
0.05835407
0.03935557
0.039691623
0.04735703
0.046443015
0.04670334
0.053230524
0.08197153
0.81828576
0.39642185
0.26810318
0.9107701
0.9306854
0.1093997
0.05892062
0.06631373
0.0631156
0.07427024
0.13670987
0.12171279
0.18966144
0.39630204
0.32554066
0.88279617
0.89914817
0.80148995
0.80611104
0.8763018
0.8314995
0.8968556
0.91687435
0.12973756
0.14870971
0.060154486
0.045909546
0.04935178
0.09162029
0.09287746
0.13730079
0.12778328
0.094466254
0.0977356
0.879504
0.9083213
0.91455275
0.94595265
0.09573144
0.095081665
0.07430797
0.08117954
0.1034711
0.0740032
0.05918469
0.057491984
0.058757514
0.100861445
0.15862016
0.883738
0.80346096
0.8983967
0.90027773
0.20106928
0.14201124
0.22827733
0.15830526
0.24182282
0.260976
0.15458141
0.22506006
0.19052726
0.07103584
0.060568932
0.055379782
0.061747156
0.12142795
0.15106213
0.8849749
0.94411445
0.9504022
0.077334285
0.042008463
0.040794544
0.03965627
0.05753551
0.0755801
0.07777197
0.10734063
0.92110324
0.9468612
0.9602711
0.95366627
0.07097686
0.058083933
0.044677615
0.041636385
0.03536156
0.03900784
0.04652504
0.0800377
0.89992833
0.83591396
0.92207795
0.924456
0.15042378
0.17632286
0.119918644
0.09184476
0.12008184
0.8657668
0.7901581
0.16656172
0.1987412
0.8068927
0.089578204
0.053506084
0.049587023
0.05763878
0.053170413
0.05549639
0.0540311
0.058516033
0.07025844
0.11663542
0.9204225
0.100003466
0.048533794
0.041246142
0.04059062
0.057566445
0.8867252
0.9070034
0.9260719
0.94041955
0.9193571
0.9141733
0.935978
0.9092687
0.88082635
0.9271436
0.06021224
0.03881824
0.049612768
0.054823454
0.094674654
0.89685714
0.124410875
0.11232784
0.10691863
0.060792238
0.08404785
0.056163743
0.06496202
0.055402126
0.061407812
0.09991221
0.88863623
0.26087725
0.18697214
0.79008645
0.8091203
0.10370795
0.07914322
0.114544004
0.09458631
0.07432757
0.073020734
0.089035936
0.06831566
0.06483036
0.06628935
0.08150281
0.11590397
0.14089082
0.10699233
0.15017107
0.16578233
0.12382084
0.1652173
0.16399561
0.18541755
0.73731285
0.745367
0.79291713
0.8610571
0.8306517
0.8805205
0.8717676
0.7352167
0.2924103
0.40011325
0.34155008
0.7713424
0.852009
0.73867714
0.17601316
0.18848728
0.16877957
0.26228642
0.20984206
0.22420913
0.789665
0.20934278
0.18005492
0.20165758
0.5082507
0.76450574
0.8675279
0.19688147
0.1072246
0.10582851
0.08555339
0.08934356
0.10223622
0.1610322
0.15351501
0.18820976
0.15582055
0.17732112
0.47293147
0.840343
0.2659752
0.24215281
0.84712666
0.15167601
0.078500785
0.07375781
0.1364603
0.17334893
0.18974905
0.1295871
0.8593033
0.9246556
0.8489778
0.94355494
0.14636238
0.0428667
0.03193706
0.031874936
0.032284383
0.03319083
0.042624194
0.042586904
0.07278862
0.9440999
0.9499356
0.9618588
0.92671955
0.058238994
0.03604673
0.03497915
0.035615474
0.039151173
0.04431969
0.045552507
0.05015161
0.08767298
0.86554575
0.8273733
0.912011
0.12722315
0.09812826
0.10044709
0.11570887
0.12618086
0.75719553
0.16125052
0.19563691
0.11647939
0.13645788
0.80586004
0.11456461
0.07045993
0.06988813
0.06211891
0.06369093
0.077445924
0.092643574
0.10091096
0.25376394
0.23595263
0.1786536
0.3556861
0.14090003
0.116766855
0.11530144
0.16449036
0.1703652
0.21783422
0.72394
0.72466004
0.8164725
0.32754833
0.20757279
0.2139936
0.3526708
0.25272003
0.6942073
0.39992806
0.18936233
0.16208315
0.22068201
0.20498095
0.41461122
0.86333036
0.86982286
0.91253746
0.9055976
0.82036406
0.8119683
0.86355084
0.88559645