0.9258835
0.88534886
0.096692696
0.056053575
0.048894774
0.07428621
0.068190224
0.09770422
0.085505225
0.07652604
0.056940053
0.056521636
0.07747904
0.069712035
0.04521443
0.039021347
0.03808801
0.047081713
0.090158336
0.9369494
0.95377225
0.965638
0.9505326
0.0681988
0.041874643
0.029878343
0.030806938
0.032919146
0.03937335
0.054251987
0.09478099
0.92949957
0.93884456
0.09805256
0.066263884
0.04451774
0.040090956
0.059359122
0.16147366
0.94461477
0.9562576
0.9551132
0.25302452
0.09516999
0.04753401
0.04207679
0.057788495
0.07520994
0.79078865
0.8115009
0.81169724
0.8446461
0.9204544
0.9239596
0.8634665
0.92310774
0.92855316
0.8623627
0.06257321
0.044173855
0.06058554
0.05685278
0.034736667
0.03369194
0.046216138
0.09305913
0.9314919
0.9456233
0.96097165
0.95671225
0.097910926
0.059826415
0.034960397
0.034541186
0.040413
0.051762808
0.07028632
0.081019945
0.83579516
0.8933491
0.9295027
0.9035336
0.8575488
0.81259704
0.80277085
0.8304387
0.8754456
0.9203028
0.8994163
0.9182444
0.85256755
0.09331839
0.08058377
0.13911837
0.122824974
0.13344383
0.13774109
0.12769163
0.177384
0.19047967
0.7277731
0.7248674
0.7118516
0.26290485
0.27526972
0.16379228
0.25873345
0.36315572
0.8149157
0.8185029
0.8443559
0.08432272
0.045225
0.041037627
0.05076834
0.08171768
0.102628276
0.85486263
0.15008292
0.14754838
0.913314
0.9424392
0.9268794
0.9260601
0.15206578
0.17893127
0.8814995
0.17145287
0.08449694
0.08394297
0.058994804
0.06777013
0.119942605
0.82230645
0.78556985
0.20317078
0.16423678
0.139711
0.18223244
0.37649047
0.83109874
0.9060601
0.89111036
0.91602343
0.90762687
0.77771276
0.38297662
0.37879646
0.31490928
0.18601489
0.19796374
0.21922565
0.32755062
0.46772298
0.82592475
0.85548186
0.85049444
0.83394
0.80443084
0.78795725
0.8281437
0.06908493
0.04529463
0.03536918
0.032906827
0.036228828
0.061809704
0.907805
0.926688
0.9497294
0.95958275
0.9209785
0.05187946
0.03297836
0.031108543
0.03401506
0.06335434
0.08594425
0.8892111
0.9365777
0.9417036
0.867132
0.8237698
0.18772478
0.15338817
0.16826075
0.09903433
0.088672385
0.13462004
0.18836991
0.2275072
0.67219466
0.67253196
0.4583782
0.3668878
0.28015825
0.28163978
0.2613734
0.26345083
0.56755286
0.60390127
0.34795168
0.3008216
0.5288076
0.3178408
0.28752133
0.51271313
0.33800113
0.36831662
0.41397223
0.49671182
0.752517
0.5210786
0.47136727
0.36680752
0.44188017
0.4850267
0.47153
0.5828423
0.767552
0.52435595
0.32315418
0.2628024
0.20262018
0.19714504
0.29042917
0.29258397
0.6573066
0.36923864
0.17065196
0.16276711
0.6680294
0.12289709
0.10513004
0.088643275
0.10180014
0.19138338
0.2572317
0.77776575
0.17834325
0.09507581
0.07960704
0.116672106
0.15573
0.112767175
0.0720254
0.07400991
0.07819304
0.15348838
0.19842763
0.7232301
0.7423536
0.15108623
0.14092064
0.6997809
0.76517254
0.09855073
0.07197991
0.062100034
0.094854236
0.7928466
0.81628776
0.8715409
0.11222001
0.057322763
0.058909837
0.086294726
0.7985661
0.11757785
0.09173465
0.13368984
0.8684076
0.08638973
0.049667794
0.042104207
0.0449065
0.07030191
0.91126835
0.9377151
0.95600736
0.07463542
0.041733585
0.044640075
0.058652207
0.08566785
0.84461975
0.121636026
0.085072614
0.1244036
0.8567581
0.8450314
0.08836215
0.05685227
0.062763736
0.098908536
0.8687623
0.8524303
0.86013114
0.8510065
0.87019145
0.18143365
0.09429915
0.13919222
0.12112503
0.7713774
0.1064109
0.085440606
0.08300139
0.081995904
0.06952047
0.06652793
0.09582977
0.7528378
0.1704736
0.19334403
0.28079304
0.80592424
0.130452
0.07283156
0.07813602
0.10697547
0.1300781
0.10105758
0.113065325
0.2681751
0.2906302
0.74462485
0.6782624
0.22184119
0.20901206
0.2720627
0.66758955
0.42332658
0.3089328
0.2899428
0.24418013
0.39797443
0.46536803
0.43773916
0.67157626
0.67109
0.37492076
0.25759637
0.3678588
0.55652136
0.8617196
0.8512679
0.86927617
0.9103162
0.9108973
0.87354875
0.8858658
0.8326327
0.77199966
0.72275174
0.22473603
0.19055763
0.14210549
0.26754427
0.81400675
0.9200963
0.92408144
0.8363873
0.08095761
0.05956353
0.04427342
0.03809084
0.04498508
0.11824109
0.91459554
0.91434294
0.909617
0.8939351
0.94648325
0.10329614
0.045787085
0.039582968
0.04206834
0.07001946
0.058536272
0.0897776
0.1461368
0.11786321
0.11051884
0.078857414
0.11777271
0.1693327
0.8918051
0.7677842
0.7279989
0.37667727
0.21460323
0.3138588
0.21698225
0.6043478
0.23029256
0.22342864
0.6472004
0.65925145
0.23184033
0.24990794
0.32582164
0.24252225
0.46487036
0.89216524
0.896648
0.19696166
0.1887606
0.19648641
0.8741252
0.896244
0.2874482
0.74189305
0.79811597
0.09619711
0.07795863
0.10120762
0.10103272
0.060864642
0.044373326
0.043581076
0.044184666
0.055194646
0.08483351
0.8801881
0.8735742
0.11360305
0.09076196
0.11534697
0.88701385
0.12853721
0.072291054
0.08570876
0.892794
0.9297398
0.92247486
0.90509415
0.8909404
0.060536478
0.038581256
0.041811913
0.04244199
0.05753011
0.058044713
0.05403287
0.061339207
0.06545978
0.06651632
0.103232644
0.84684163
0.19814225
0.1130722
0.09365251
0.08201311
0.09554558
0.7102726
0.26507664
0.78991824
0.8685735
0.23840962
0.33228573
0.25461203
0.75042826
0.8664769
0.2910508
0.18459459
0.23811817
0.30353832
0.2267307
0.25399724
0.35982612
0.2768613
0.5516042
0.53881437
0.34558916
0.2948019
0.32351035
0.34641
0.74731785
0.42523563
0.5258228
0.64508265
0.4055333
0.5126754
0.5290016
0.6290928
0.2656163
0.3066372
0.16438419
0.14861065
0.19450425
0.20873804
0.70100677
0.7521283
0.8301534
0.91160774
0.89681
0.5810301
0.407438
0.8742648
0.92088515
0.9186047
0.15149538
0.07793115
0.11959644
0.08479919
0.12503275
0.7849774
0.8144246
0.11724392
0.05983103
0.04808219
0.05991896
0.07723649
0.055760857
0.0889879
0.11468525
0.8943258
0.93953824
0.09585933
0.06490896
0.086399324
0.12676783
0.88627994
0.07921974
0.04285762
0.03855876
0.03919955
0.045303904
0.059379585
0.9056478
0.9267244
0.93962467
0.92895937
0.92008287
0.9259793
0.9154411
0.9330872
0.9417793
0.94314164
0.9036119
0.8878763
0.047451716
0.031240268
0.030178184
0.03619956
0.038964856
0.04090737
0.044860244
0.049292352
0.04893807
0.07690114
0.86795014
0.9228578
0.85603493
0.8435764
0.09594612
0.0702083
0.060111295
0.08127644
0.119994044
0.07505426
0.06606172
0.09839461
0.07300655
0.073017955
0.090935856
0.09592144
0.16216554
0.08834784
0.11637063
0.090418115
0.14921996
0.094507694
0.094796196
0.12976986
0.16330197
0.19365154
0.21504791
0.21185458
0.7033778
0.23107216
0.17547631
0.16488501
0.3511124
0.39764884
0.6272247
0.749637
0.86883956
0.1975829
0.17129569
0.092479944
0.07192381
0.064398386
0.09850855
0.20670073
0.16252291
0.8781163
0.14874108
0.117535375
0.1786483
0.8295616
0.11115257
0.06329798
0.05400108
0.076923594
0.9085149
0.9260509
0.916016
0.9099458
0.91899174
0.9087396
0.9164843
0.91680276
0.91082746
0.88945824
0.8904362
0.9124892
0.9191079
0.91609025
0.8930411
0.9054739
0.8762232
0.8771284
0.35047194
0.8316677
0.116944574
0.10592499
0.20434801
0.7625148
0.20571285
0.13543041
0.15318905
0.8354969
0.18828152
0.2009167
0.26210928
0.13758628
0.111042
0.16165318
0.10042708
0.11054938
0.10931612
0.2456603
0.86942905
0.92920333
0.9311791
0.86848956
0.8880669
0.22032331
0.13853957
0.109630905
0.108628504
0.20552097
0.75148135
0.71942794
0.2698107
0.25156575
0.69654393
0.68275774
0.25785583
0.28361493
0.3554981
0.23299494
0.3472364
0.34672487
0.83522666
0.9224801
0.92545825