0.84836715
0.83191174
0.7426137
0.6824806
0.71143234
0.7404573
0.7430182
0.72247946
0.76155883
0.88148326
0.9026164
0.87726104
0.21282646
0.15684628
0.22510168
0.15302177
0.20638031
0.15552929
0.17551833
0.84200245
0.7314195
0.7261143
0.7551174
0.8176326
0.13515133
0.09358764
0.062035777
0.08782087
0.054618776
0.051243234
0.05327304
0.052766502
0.052307043
0.05033198
0.050547514
0.054076243
0.08603433
0.88739115
0.9084951
0.92458785
0.088248566
0.051091053
0.059579413
0.057088565
0.05234833
0.05545629
0.06384568
0.06540362
0.068903044
0.07715966
0.079661906
0.089207776
0.12592635
0.09238978
0.07215623
0.08484301
0.07942375
0.07839063
0.1041494
0.07752659
0.10096676
0.7954721
0.12077996
0.09412304
0.14284925
0.858365
0.8371712
0.8489414
0.11958588
0.12584105
0.110879615
0.09154198
0.8378875
0.8373289
0.8395226
0.8936886
0.9425181
0.93558
0.94650704
0.94152117
0.06884932
0.050114427
0.04876749
0.04084215
0.05521413
0.061050437
0.09628782
0.83883137
0.14306806
0.09157177
0.08883511
0.06631212
0.06469823
0.07961079
0.102456175
0.1298617
0.7598232
0.86340034
0.20718557
0.14704888
0.1412787
0.14510553
0.7194621
0.26758566
0.12023336
0.09864882
0.100284755
0.11937725
0.803826
0.89283687
0.79793864
0.7490163
0.74704915
0.79279447
0.88437974
0.806405
0.7787099
0.8337727
0.180097
0.05263659
0.042633273
0.04270588
0.047740705
0.06536211
0.07066912
0.05144514
0.05189809
0.08853215
0.90831137
0.94516927
0.08679561
0.04577319
0.043257102
0.052209996
0.09350521
0.90675765
0.20178404
0.093282245
0.11780043
0.84294665
0.31545705
0.91110337
0.92518216
0.90131825
0.8708287
0.23858094
0.8174293
0.12459815
0.087403245
0.14076681
0.8950264
0.09508921
0.0668958
0.055776652
0.06667381
0.12278925
0.920456
0.18836701
0.07269165
0.056009766
0.06720657
0.07574257
0.060727578
0.059139863
0.06028583
0.06608969
0.07496695
0.07150393
0.06509727
0.065645516
0.07548457
0.12693384
0.81821406
0.13523012
0.090325125
0.09247175
0.13214053
0.870707
0.21820605
0.19601744
0.7340831
0.75150484
0.11213947
0.07937126
0.08558388
0.0788234
0.1932641
0.8842842
0.9080919
0.9350696
0.8807809
0.824974
0.82485664
0.11134374
0.07425787
0.10633905
0.07359048
0.097475484
0.82857543
0.9249746
0.81868035
0.09514914
0.060554795
0.0445399
0.048639588
0.05549366
0.06627546
0.10569091
0.9190335
0.88702023
0.10237852
0.05366305
0.04529922
0.050858237
0.055132937
0.050488397
0.058985714
0.047351796
0.042794075
0.03819676
0.041599438
0.06623738
0.92733556
0.9561308
0.93987256
0.9189162
0.05617895
0.03642879
0.035221763
0.049879666
0.06607387
0.89097804
0.93899727
0.8824494
0.94152254
0.1178351
0.068876445
0.1054525
0.09614054
0.05551166
0.05135905
0.076412156
0.062120747
0.058962516
0.09509016
0.08201359
0.13502641
0.8987655
0.14068216
0.12116044
0.11098684
0.080948494
0.114018746
0.16944455
0.18469663
0.8952931
0.9155963
0.18037233
0.18585418
0.07762836
0.054627035
0.05981405
0.06012277
0.07210777
0.13810192
0.11369847
0.082066074
0.06421679
0.06356494
0.07486485
0.1270765
0.906657
0.12333643
0.066713
0.06190922
0.069937155
0.13564813
0.91800284
0.1097248
0.060530722
0.059037223
0.06664966
0.12182699
0.92199636
0.10499801
0.052275367
0.047958974
0.042506468
0.044439994
0.040513568
0.046620548
0.095957614
0.9431964
0.9484617
0.9616485
0.08646984
0.037734974
0.034976363
0.03693122
0.036205493
0.04283304
0.05711026
0.09256686
0.9313503
0.93799454
0.09469828
0.058447693
0.07169782
0.06085162
0.10073146
0.8947188
0.7549768
0.12746273
0.10089961
0.123662435
0.88768303
0.910917
0.87167436
0.8789909
0.9089067
0.8914012
0.9204218
0.9225073
0.8753086
0.9071498
0.083725736
0.05339986
0.052346777
0.0638185
0.08084985
0.114055745
0.16789693
0.85043675
0.77361876
0.8322065
0.687023
0.61899364
0.6360327
0.69073737
0.81828135
0.81175417
0.38010222
0.34307405
0.35061237
0.30644956
0.54188764
0.4326204
0.24466369
0.21061917
0.20517382
0.21182756
0.29205084
0.785577
0.71705496
0.7901731
0.4005607
0.35237652
0.27313516
0.2884044
0.25258088
0.25156385
0.3025877
0.3362695
0.73732716
0.5503981
0.35793927
0.42455307
0.32821327
0.3429392
0.7129262
0.59809375
0.41002938
0.3364318
0.3990285
0.48440096
0.5043983
0.41984698
0.40663692
0.73863363
0.7496624
0.29254556
0.22915737
0.21867996
0.22878073
0.31532106
0.30803463
0.27143386
0.294295
0.70040196
0.37297535
0.4058155
0.59480333
0.632645
0.73833513
0.5162134
0.3545306
0.5218617
0.7024842
0.24205421
0.20633678
0.253263
0.15856338
0.1606887
0.18284243
0.36754796
0.8565662
0.8852405
0.2178654
0.27799428
0.13980262
0.07069644
0.06250209
0.07735541
0.059483767
0.06915749
0.09440213
0.70154
0.76807064
0.89475286
0.83095443
0.91227293
0.94015235
0.07579776
0.038920164
0.03676933
0.034933094
0.03498612
0.040612966
0.0393498
0.053261887
0.09485416
0.92155904
0.95000136
0.95258105
0.91283745
0.11986792
0.1402157
0.1323512
0.9153406
0.94421417
0.070653155
0.04316701
0.03423008
0.035391368
0.03949085
0.049812254
0.05614702
0.07721955
0.07388555
0.061190408
0.07466088
0.914858
0.94017434
0.93523425
0.9573605
0.06934459
0.049834896
0.041109163
0.044236716
0.0513744
0.045219317
0.0411724
0.03847243
0.03754153
0.04578152
0.075504504
0.9119208
0.8777062
0.9321367
0.92980194
0.8158679
0.7684616
0.8759219
0.12844518
0.15882038
0.16232021
0.15549646
0.90422124
0.9124359
0.13243492
0.12305498
0.74395084
0.25802195
0.87960625
0.9039882
0.908746
0.9280053
0.90262437
0.25584278
0.7538688
0.18439707
0.18118948
0.8748016
0.8975076
0.11062345
0.112271294
0.125629
0.13420893
0.89803666
0.91512895
0.8340523
0.89851075
0.14974853
0.063647695
0.0538041
0.060533646
0.078432694
0.11804598
0.8788671
0.844838
0.90536356
0.9012954
0.8107488
0.8645598
0.23126449
0.106949165
0.116968475
0.18233779
0.12916365
0.14505796
0.26196903
0.25467983
0.2575423
0.7086748
0.69863933
0.2627279
0.13806602
0.11728914
0.1403928
0.19788307
0.18529
0.24611206
0.82596934
0.7167478
0.20271784
0.21666566
0.1803602
0.19800709
0.6266113
0.19051594
0.20266984
0.3522038
0.33278733
0.33636725
0.8202428
0.7515399
0.77315986
0.87909096
0.82477504
0.11307103
0.13198487
0.06119932
0.05054578
0.082827106
0.06462063
0.1129795
0.13847433
0.08200766
0.15758169
0.9117101
0.9128823
0.075952
0.042659584
0.040143013
0.051042024
0.061543994
0.08871405
0.9059033
0.86792517
0.890576
0.09075701
0.06705062
0.051221665
0.047919255
0.055487067
0.08918116
0.83281285
0.8533674
0.13029055
0.07330753
0.0738648
0.078695826
0.061400857
0.072502196
0.06657575
0.059616726
0.07028418
0.064556986
0.05491873
0.057799503
0.08436538
0.83581185
0.87555057
0.30373245
0.437519
0.85921985
0.30223262
0.20569344
0.36962
0.78699094
0.7804154
0.87408257
0.14355636
0.101533376
0.13477387
0.13816111
0.20730941
0.71689785
0.22574495
0.33954725
0.19531122
0.20613928
0.71357864
0.4716363
0.25488505
0.39940995
0.16077995
0.104082085
0.113093376
0.09319159
0.09571016
0.10777536
0.17281365
0.17874908
0.33448476
0.2378314
0.27572596
0.85271174
0.8617258
0.7620614
0.15556096
0.19576983
0.11497173
0.07214246
0.06870615
0.10750463
0.9082463
0.91847014
0.84141725
0.82547635
0.88441813
0.8647926
0.9119676
0.91019696
0.80645245
0.77085584
0.08098759
0.065104656
0.0750713
0.15933767
0.19939119
0.22774093
0.87976706
0.7851392
0.4130584
0.18329498
0.112472676
0.10201896
0.12606052
0.117177315
0.11564979
0.19991495
0.19576365
0.75248265
0.17119926
0.09986868
0.08312958
0.11581509
0.074987225
0.07514432
0.06980084
0.050857957
0.05077147
0.063081354
0.1013116
0.93419266
0.90679127
0.102351576
0.058441322
0.05938905
0.09126174
0.86269516
0.08424944
0.05498496
0.04280793
0.04559445
0.07854925
0.93999475
0.9459343
0.9345085
0.9547666
0.06340625
0.03512149
0.03215235
0.036866628
0.040792085
0.04392543
0.04730146
0.05608106
0.113381766
0.87007385
0.8887428
0.12846899
0.111023396
0.05552699
0.057841774
0.08026201
0.06013581
0.052405037
0.066152304
0.06307722
0.10588838
0.22787376
0.8801929
0.93098474
0.933735
0.87709916
0.8701324
0.9031213
0.912168