0.85166854
0.8483075
0.7794306
0.73412114
0.77388155
0.8342878
0.8738015
0.8382824
0.8459553
0.89015085
0.87826854
0.7301571
0.5945171
0.6588289
0.8187402
0.7433965
0.8467966
0.30683503
0.7190159
0.8991092
0.09863119
0.053433627
0.05717211
0.057164975
0.067888156
0.07624813
0.0642353
0.081151664
0.058904782
0.055484794
0.05474167
0.05301299
0.051247127
0.047475725
0.04596577
0.04925636
0.080421254
0.9125317
0.9351744
0.93454534
0.07834887
0.044654712
0.047895603
0.047332995
0.04581744
0.047861945
0.052140556
0.050316367
0.05211481
0.067098424
0.09907424
0.8403063
0.9052043
0.8179404
0.7817754
0.78566486
0.79318213
0.14874561
0.1554625
0.080370694
0.08734388
0.105587356
0.13486901
0.7132583
0.8111666
0.38346866
0.6243876
0.4589804
0.4341134
0.77618814
0.5488217
0.25388205
0.22090465
0.20226808
0.19440271
0.22150384
0.397018
0.3462661
0.56257963
0.7861294
0.3558292
0.31968275
0.3070167
0.2399727
0.3573404
0.22391745
0.22856435
0.1848444
0.19816574
0.16359757
0.17215322
0.11184352
0.09784398
0.10549395
0.11059488
0.11665931
0.1682254
0.85312176
0.1519882
0.09170917
0.07447012
0.06720314
0.08309225
0.1197292
0.08054094
0.0739418
0.077306226
0.11191122
0.14295594
0.8743896
0.7854352
0.11426686
0.07709842
0.0820465
0.15138389
0.79392165
0.83363074
0.15167555
0.11010709
0.052693214
0.048713192
0.049581043
0.0535228
0.06715609
0.06529965
0.05157443
0.053218663
0.08746996
0.88572925
0.9416643
0.08793546
0.046342388
0.042660326
0.050367497
0.08657298
0.9011355
0.17788792
0.08185605
0.10548034
0.89250404
0.9260791
0.94323653
0.9283187
0.908008
0.88245875
0.87218827
0.88958454
0.10817467
0.07625016
0.12646036
0.89607674
0.08550894
0.05394112
0.05059959
0.06255236
0.117712505
0.920021
0.14478731
0.06289911
0.051285688
0.056580503
0.061229847
0.05429306
0.05295087
0.051531963
0.052888665
0.06543294
0.09869053
0.83967596
0.82485133
0.84663373
0.14827228
0.082716785
0.084648974
0.10906402
0.8090905
0.21939899
0.23832533
0.0753457
0.06079842
0.061608456
0.08490989
0.07679621
0.10982314
0.18707898
0.8008418
0.8822648
0.7593385
0.27121887
0.38579288
0.14127582
0.11425799
0.112652585
0.17106484
0.24082197
0.89189035
0.856807
0.84701115
0.86186236
0.92223746
0.09711127
0.064372554
0.0604493
0.06582147
0.08389082
0.13290942
0.18621628
0.69975406
0.82491356
0.3681619
0.31530914
0.25110573
0.22385067
0.27846482
0.3064335
0.27091667
0.40330657
0.30700353
0.29450577
0.73975927
0.329826
0.30025452
0.38584965
0.8085367
0.2035374
0.13969055
0.12558852
0.12953545
0.17878611
0.82175255
0.28993797
0.29391238
0.8527237
0.78719294
0.87397027
0.21980672
0.14290991
0.20328991
0.21739008
0.17393644
0.70050347
0.27365667
0.19281161
0.6860785
0.24695043
0.1966196
0.1868094
0.8788348
0.79035425
0.82691747
0.1062392
0.05432695
0.054943155
0.06249986
0.08700133
0.9366741
0.9524807
0.9205077
0.06857702
0.037905134
0.0367631
0.039178364
0.04262794
0.04619106
0.052235454
0.049423274
0.043484505
0.040607
0.043943353
0.07130163
0.9277629
0.95840657
0.9355094
0.066943556
0.038946703
0.037067328
0.0443068
0.059871167
0.071327746
0.10303531
0.8361148
0.10139355
0.06315275
0.06955577
0.07376667
0.12278769
0.9016711
0.12453494
0.09220929
0.06800203
0.077899955
0.14328602
0.8369295
0.1292957
0.13811208
0.10624733
0.08577801
0.13495485
0.7967511
0.117728
0.106083095
0.109987624
0.095646404
0.20632972
0.8780868
0.22937354
0.21500736
0.82946116
0.19971827
0.22477339
0.84147155
0.68518806
0.13915944
0.13262059
0.1651725
0.8248708
0.46667033
0.2514301
0.37586206
0.8214557
0.27116582
0.3973621
0.4419753
0.72414994
0.8907888
0.12186676
0.08956503
0.10963803
0.7552868
0.08686054
0.054358345
0.047596972
0.048931416
0.06089467
0.10957353
0.8692487
0.102903135
0.06991954
0.065601245
0.1391299
0.9382568
0.92066777
0.8643377
0.90560573
0.059754066
0.03595507
0.034174863
0.03077843
0.034513578
0.052953716
0.89762336
0.92434335
0.95728403
0.9281559
0.947058
0.056759294
0.032202754
0.030431248
0.032644674
0.036570493
0.058439516
0.84790456
0.88769746
0.93781984
0.94280654
0.12672314
0.0643806
0.071816884
0.096742205
0.86335325
0.18326353
0.11229521
0.13443565
0.8406759
0.14001584
0.103606865
0.15721865
0.846911
0.9014921
0.8944132
0.14010882
0.11982341
0.14662674
0.7402742
0.81486136
0.3755503
0.3349169
0.3577009
0.8080692
0.75053984
0.7285651
0.7340231
0.7664416
0.86519337
0.86155415
0.72719634
0.7112019
0.85772026
0.17751412
0.18319948
0.8664633
0.07758819
0.047285877
0.042540506
0.051342886
0.16919571
0.9448571
0.93965393
0.95171875
0.1058319
0.04319761
0.04001269
0.049725547
0.07236392
0.8031642
0.7693099
0.16767299
0.16834305
0.89163005
0.8793458
0.93620557
0.9393435
0.08765418
0.04854377
0.056457993
0.053010993
0.062500924
0.11651838
0.10411477
0.16510335
0.34239522
0.29503214
0.8902167
0.90790075
0.83472115
0.82465106
0.8816798
0.83549625
0.8971228
0.9164407
0.112873055
0.12084944
0.055725597
0.047184907
0.05514649
0.122941606
0.87637454
0.21420074
0.14732735
0.10112014
0.09986333
0.8631867
0.9017364
0.9023255
0.9302503
0.11147521
0.13216205
0.13794026
0.20478253
0.90426695
0.1260377
0.059227426
0.052543744
0.05144196
0.08255801
0.1336692
0.89017797
0.86350673
0.91885746
0.9122179
0.79207945
0.76245165
0.8401032
0.8235859
0.8895463
0.8981902
0.81417626
0.8856909
0.2946832
0.1049385
0.0655382
0.05669887
0.05971345
0.10615586
0.1283618
0.1351362
0.9075823
0.91756773
0.119902164
0.09551614
0.118822806
0.7721976
0.39763698
0.89184797
0.17040154
0.18472075
0.8393989
0.09077949
0.0811335
0.07068628
0.04958175
0.05814178
0.048187505
0.04146817
0.03786318
0.037312474
0.04130753
0.069342084
0.89677125
0.32869056
0.9137933
0.94069856
0.9381134
0.9411882
0.90338975
0.85730547
0.26333877
0.85546076
0.13530442
0.15813741
0.8806669
0.075731315
0.043779626
0.042028747
0.05431172
0.057943065
0.059276775
0.09899253
0.8418563
0.19551265
0.16334678
0.7708993
0.2715181
0.20288116
0.76301193
0.31665874
0.8157257
0.09637016
0.053001445
0.049768645
0.062045738
0.12257529
0.15344748
0.15896298
0.87053186
0.1918901
0.22062208
0.36858785
0.33192024
0.77867496
0.2548002
0.09698711
0.06854087
0.10946454
0.084039465
0.13402818
0.16420926
0.10398701
0.16833703
0.8751747
0.097347714
0.05003673
0.043926723
0.04446337
0.05830959
0.06487432
0.09295272
0.90584576
0.8757216
0.90046483
0.092822835
0.06655968
0.050264917
0.047701336
0.05327812
0.065986216
0.101930976
0.83832645
0.1352132
0.08640096
0.09111719
0.095226556
0.07122081
0.0868297
0.08042282
0.07113135
0.09302672
0.08565845
0.065496296
0.064791165
0.11214463
0.09816036
0.17956024
0.19313139
0.47249198
0.92213494
0.9072657
0.89388484
0.9302637
0.86727035
0.15136239
0.14616759
0.09477493
0.069650985
0.10408024
0.14184342
0.8919458
0.15226063
0.09120313
0.13058794
0.06591476
0.060551442
0.06501573
0.10408059
0.081544094
0.09458236
0.0627627
0.05201181
0.051248323
0.05391428
0.08084981
0.83522063
0.1252073
0.08135975
0.1014733
0.8922352
0.92297566
0.94960284
0.93927556
0.14444871
0.15567662
0.86253214
0.069694534
0.044396438
0.041637126
0.06516512
0.913957
0.9301588
0.91055745
0.8954288
0.92398006
0.903914
0.9265901
0.9102096
0.22407559
0.76710624
0.08259576
0.07661957
0.11155264
0.8752274
0.099367835
0.06395474
0.093961984
0.083220914
0.15697731
0.8374231
0.11390965
0.06878735
0.06756471
0.06322973
0.060761098
0.08856224
0.105135456
0.7697008
0.19121668
0.1408769
0.15902837
0.8319144
0.26325437
0.3090315
0.7540601
0.73315084
0.73687
0.7293215
0.75469726
0.84759605
0.233099
0.21807961
0.7297035
0.74801433
0.11734249
0.09005539
0.072187565
0.07453757
0.10712371
0.16941734
0.5072761
0.85610163
0.7523419
0.29005083
0.42410785
0.20945787
0.33558947
0.1562741
0.17581587
0.13908702
0.14084122
0.16598824
0.20567885
0.79531723
0.42079493
0.3553123
0.7114312
0.80241275
0.4573355
0.3859797
0.78379536
0.20281427
0.15739773
0.21009488
0.21869288
0.4015985
0.79643244
0.45118406
0.65591484
0.8402585
0.79289883
0.7986284
0.85507953
0.8844378