0.8671535
0.8653979
0.79932505
0.75451165
0.7836877
0.81844294
0.83963275
0.86487144
0.92646646
0.9332719
0.91743135
0.23135215
0.08483053
0.08755473
0.114093326
0.72528905
0.19505715
0.13626455
0.15755764
0.88594246
0.11733477
0.0631566
0.06635616
0.063299954
0.07283684
0.079011254
0.064983994
0.08201945
0.06332875
0.06735022
0.09967595
0.8309967
0.09751538
0.06510728
0.06550623
0.098108135
0.88064975
0.88185334
0.08138948
0.043526653
0.0379093
0.0374874
0.05438914
0.09200417
0.93286145
0.9305244
0.8930622
0.91660976
0.06787623
0.048517253
0.051425196
0.08481558
0.8804511
0.14592294
0.13464966
0.77393353
0.8654558
0.0935253
0.0704367
0.059329998
0.08371956
0.7767007
0.15670986
0.17331232
0.8997957
0.82588273
0.103836164
0.08352202
0.077378035
0.13532467
0.12953755
0.06534164
0.06733278
0.08029851
0.1039687
0.76782686
0.8923508
0.8324245
0.90856904
0.9061382
0.7539888
0.7258411
0.19947326
0.10250136
0.104728006
0.07115778
0.07143829
0.107495405
0.8053518
0.8365059
0.92694926
0.8488798
0.08214399
0.06016445
0.06461168
0.10969687
0.095391184
0.15579888
0.09768472
0.08018138
0.074978344
0.068781175
0.08984971
0.13703121
0.0976147
0.09313867
0.11878303
0.7512093
0.7927844
0.900697
0.8188488
0.11010828
0.07443625
0.08378385
0.15786262
0.83187026
0.12638965
0.09665991
0.098937295
0.055271454
0.05325271
0.053223744
0.056601055
0.07184758
0.07329552
0.053332802
0.05329067
0.089652486
0.9098096
0.9449122
0.08545438
0.045079283
0.041767184
0.049872793
0.087301604
0.90345603
0.21455629
0.08777238
0.11722337
0.897141
0.92677504
0.94180775
0.9245255
0.8980174
0.8717145
0.86555237
0.87913346
0.12241674
0.08171283
0.13479003
0.89325637
0.08886812
0.061295267
0.05294929
0.06367683
0.117051
0.91630274
0.17113513
0.07033752
0.054491546
0.0637334
0.072207436
0.058778126
0.056063216
0.05582955
0.059077196
0.06814844
0.073498644
0.09730961
0.8127685
0.7982936
0.1549484
0.09102717
0.08409866
0.10217753
0.86446816
0.93018496
0.9389425
0.099613816
0.055840783
0.050383396
0.067714624
0.059310522
0.08479718
0.16616689
0.8229176
0.86691755
0.31420964
0.3231952
0.84185266
0.7288066
0.16714117
0.15836038
0.22740474
0.67934567
0.3805464
0.18679361
0.19692749
0.3525144
0.8770436
0.12982528
0.0782509
0.05834406
0.052740186
0.052131437
0.05916457
0.06719262
0.098867156
0.9123368
0.8477513
0.12711112
0.08912919
0.09638539
0.86211115
0.90877753
0.9117402
0.9352707
0.11163341
0.08940387
0.1649934
0.8267834
0.11282942
0.104253195
0.12796776
0.06594111
0.061569944
0.06751526
0.09049655
0.17405134
0.86175257
0.7167313
0.44268078
0.55128604
0.4637428
0.776671
0.56570536
0.50341225
0.8047881
0.8159858
0.35434195
0.2765086
0.38113788
0.3078409
0.33137056
0.7754733
0.65963715
0.34915748
0.39075246
0.2814551
0.33818716
0.41597062
0.7083217
0.75405604
0.75492436
0.7109414
0.48497608
0.34783334
0.19377276
0.19902976
0.15979722
0.25249797
0.2344338
0.20818357
0.23127905
0.40155762
0.37479877
0.31990433
0.5838985
0.24770501
0.2144171
0.22233604
0.29407197
0.20371063
0.18604298
0.20009246
0.6092662
0.6946172
0.85869616
0.25681162
0.14517651
0.14841916
0.13893801
0.14928804
0.8683049
0.12804267
0.083022185
0.102999285
0.0691283
0.088850334
0.06340843
0.07133047
0.15319897
0.9045422
0.9070144
0.9502023
0.12323459
0.05589801
0.064072624
0.06715509
0.057236172
0.08964439
0.13465172
0.15380499
0.8842414
0.8758893
0.3667976
0.34462374
0.79932827
0.36643842
0.72008806
0.864912
0.1952992
0.11537998
0.09731477
0.12803677
0.8922297
0.91785365
0.90050256
0.89586437
0.9132722
0.8990247
0.9157797
0.8928472
0.36792004
0.8321207
0.113016345
0.10512793
0.21958676
0.8008205
0.9194716
0.11168533
0.05832473
0.053320162
0.0644508
0.09240237
0.07189804
0.06824132
0.07853389
0.07116419
0.123342864
0.12800983
0.068539
0.06283933
0.06521906
0.07714546
0.88232464
0.934733
0.86562705
0.082344696
0.05741394
0.06636515
0.86955434
0.9399587
0.93581426
0.9492712
0.90080446
0.052737787
0.038251672
0.04021388
0.056123618
0.87492996
0.8876961
0.92970866
0.9497523
0.9375208
0.074756965
0.07163213
0.057746124
0.08542859
0.89487743
0.84557873
0.807336
0.8133272
0.8943472
0.11287617
0.08083263
0.1281112
0.87036496
0.9259963
0.9263491
0.090862654
0.0659805
0.076794855
0.10885719
0.8690849
0.20134169
0.1539713
0.121933095
0.18759808
0.11466314
0.1665219
0.2390676
0.2519309
0.8629747
0.88989794
0.13823684
0.10205971
0.14247565
0.12437348
0.7464117
0.15185724
0.083715275
0.06960203
0.088202484
0.8302778
0.93662006
0.20644638
0.09770605
0.10894277
0.05710142
0.044915553
0.034706816
0.035161067
0.03699525
0.054293133
0.88678384
0.8899603
0.9205246
0.9472213
0.94039947
0.95325154
0.94747025
0.9077689
0.046926357
0.03325936
0.030281613
0.033180214
0.042917714
0.042249277
0.05915102
0.11528486
0.173177
0.92525023
0.916257
0.16277532
0.19181511
0.28436956
0.35949543
0.9028052
0.90510625
0.13629715
0.13637017
0.10821676
0.128966
0.76094323
0.88819987
0.8298992
0.90474975
0.9064728
0.10009196
0.07896928
0.08913988
0.10143946
0.8540267
0.92986727
0.90964746
0.9352253
0.87515754
0.09871361
0.13263565
0.075844444
0.053900927
0.047223486
0.047685657
0.08803195
0.88787884
0.92581767
0.88835055
0.9145877
0.33847034
0.15253325
0.1637786
0.8385899
0.8221907
0.89879024
0.8992213
0.8184738
0.8883675
0.91267943
0.0881482
0.07334478
0.09793406
0.81464285
0.13392578
0.0708027
0.048655026
0.0695226
0.07934703
0.08097242
0.8847086
0.87935615
0.91849554
0.9437427
0.9283648
0.10523083
0.10771789
0.15592316
0.889202
0.9444648
0.9455562
0.098129004
0.098631695
0.05964788
0.038836744
0.03868741
0.043681543
0.048493434
0.05290014
0.108800046
0.09764648
0.29578894
0.91212714
0.8393567
0.897871
0.7936321
0.75015676
0.78715974
0.164515
0.072841704
0.06925836
0.1093262
0.1274745
0.8412678
0.09044769
0.051848944
0.04787405
0.04255186
0.053059418
0.05511867
0.09514288
0.9283371
0.91439515
0.95592165
0.0813714
0.040561084
0.0384422
0.04007303
0.043764766
0.051136408
0.080688655
0.8112447
0.23585019
0.19397728
0.17314678
0.8557642
0.26381722
0.35933343
0.88609254
0.7882833
0.1278658
0.14338173
0.08254069
0.07316344
0.13898568
0.15225658
0.8925388
0.33473402
0.15490383
0.25271037
0.83598757
0.81632644
0.85977244
0.07874717
0.05092489
0.062385418
0.063573256
0.08561499
0.87033886
0.83332765
0.8770081
0.08923084
0.06748404
0.056822132
0.057665087
0.08745863
0.81563944
0.7980328
0.8234299
0.16144595
0.1206851
0.15798964
0.814822
0.10163752
0.08111764
0.064775504
0.057887804
0.0768242
0.07279913
0.056563064
0.05406384
0.06214994
0.110319614
0.9102735
0.86726135
0.9367854
0.9369271
0.14284147
0.07887789
0.12153045
0.11172135
0.16952103
0.917685
0.8589887
0.8064955
0.84879106
0.07891907
0.058345303
0.057636775
0.09677606
0.8988287
0.09096629
0.056327805
0.04480738
0.062460862
0.09112358
0.928975
0.9166501
0.87443006
0.87364745
0.8410986
0.86893606
0.06387862
0.04616988
0.041301113
0.059643522
0.07702134
0.8932666
0.9392951
0.938394
0.095644064
0.07441294
0.1136204
0.107985705
0.7870485
0.77195513
0.78095734
0.2872592
0.21657138
0.15695858
0.12980212
0.24982195
0.84001684
0.91781974
0.91084594
0.75373435
0.09525823
0.08956194
0.098883875
0.14756022
0.8384976
0.7369317
0.7616858
0.8746702
0.795255
0.91723
0.119798645
0.053870156
0.04368307
0.04547361
0.04643269
0.047201566
0.051694367
0.051201206
0.050665583
0.060298868
0.1011445
0.90240276
0.12829755
0.068833776
0.07168916
0.11035996
0.91495574
0.9031909
0.9013269
0.088991664
0.07575325
0.06823281
0.1105375
0.8617446
0.09686793
0.07040505
0.05575698
0.058132965
0.08888443
0.12022715
0.8483628
0.12448876
0.119892284
0.0990643
0.07271044
0.106674634
0.06533176
0.060411282
0.060821213
0.07127631
0.06236153
0.06361926
0.06534554
0.063721985
0.098688275
0.09721469
0.09229248
0.12888473
0.87843186
0.21770434
0.22437589
0.86180973
0.12453997
0.076811485
0.09622527
0.10830908
0.21188734
0.85703003
0.33455765
0.55761147
0.8307214
0.2891772
0.28890014
0.39545864
0.8559017