0.8351675
0.7382865
0.34191072
0.28576016
0.32124746
0.33317384
0.7136517
0.60381633
0.39504638
0.5387333
0.7547605
0.27334726
0.20844005
0.20073237
0.23369393
0.5222081
0.35580614
0.24009706
0.23900345
0.76972497
0.28624985
0.6523279
0.25776187
0.21100973
0.72773814
0.18883154
0.1011854
0.13269524
0.069133654
0.06064698
0.06416351
0.06527442
0.067543015
0.0711437
0.07849082
0.07485531
0.07367602
0.07733829
0.070253484
0.06358748
0.062590145
0.06432153
0.08228901
0.07004579
0.055952545
0.05722638
0.08718205
0.8147975
0.13795447
0.124800034
0.8300643
0.8474292
0.92619383
0.8648482
0.8386465
0.8386633
0.83920527
0.8851354
0.13247128
0.12082765
0.75752133
0.06958106
0.047929566
0.048755746
0.085759655
0.8496438
0.8322485
0.83723223
0.9051535
0.94929194
0.9485374
0.09193103
0.044874113
0.04234953
0.04592109
0.055644915
0.1354954
0.15923423
0.90280807
0.9147677
0.8236697
0.7848059
0.7827035
0.78357476
0.8310354
0.70283216
0.58720297
0.5764132
0.61566615
0.64097035
0.67517
0.6817901
0.6989001
0.14496551
0.1175432
0.123661496
0.7474701
0.17972097
0.08135327
0.065919295
0.06772518
0.09639189
0.13279232
0.8889406
0.1176629
0.07113826
0.06613254
0.082371704
0.8343676
0.9237448
0.85880995
0.107263274
0.075820215
0.09942842
0.897758
0.8874664
0.8754931
0.8954889
0.9359976
0.8708085
0.07847161
0.07234062
0.10008997
0.8821331
0.14244252
0.06445627
0.057767987
0.09076173
0.88788974
0.9361357
0.07850722
0.04336901
0.039085776
0.048400063
0.08595941
0.92615694
0.92276466
0.18080387
0.19332296
0.79910856
0.3163396
0.89469707
0.90545875
0.8753978
0.84210086
0.24950963
0.78456557
0.24032958
0.16540286
0.8075271
0.9191933
0.093166724
0.077267885
0.05740118
0.06547959
0.11359513
0.90977556
0.21183176
0.07782691
0.055174727
0.06406566
0.06329157
0.06188961
0.07179952
0.10673841
0.8397206
0.15883176
0.089795105
0.06612231
0.06727534
0.08107423
0.14573452
0.8518283
0.14327656
0.07858014
0.07121157
0.08224671
0.18494883
0.082439244
0.070617266
0.0706822
0.09777935
0.09173264
0.099264815
0.14592898
0.18434162
0.50338805
0.7846891
0.25648612
0.42148387
0.15823472
0.14451288
0.16029195
0.25760263
0.6605096
0.46193784
0.25133497
0.2515924
0.3962222
0.81409854
0.6609957
0.22817837
0.18030971
0.15820822
0.18507916
0.5413363
0.22923183
0.19573724
0.33071277
0.19669779
0.19011588
0.14805783
0.12114627
0.16680685
0.19488591
0.17035021
0.3290021
0.76998705
0.71650773
0.7130851
0.17518099
0.14097938
0.23509522
0.8930766
0.8710739
0.8322878
0.80934465
0.79513377
0.8090254
0.20942402
0.11525907
0.14558882
0.8903233
0.86244255
0.9198514
0.16465504
0.10391332
0.1635363
0.1548193
0.088316105
0.07839635
0.13993002
0.098331176
0.08051248
0.13633706
0.07906
0.08978711
0.13299584
0.07709965
0.09578614
0.09026122
0.06057914
0.07890365
0.095418
0.108187
0.92796546
0.9396842
0.8471078
0.9258667
0.069899544
0.043405715
0.042951535
0.061363336
0.884317
0.9413066
0.9097774
0.079321705
0.056570627
0.069148995
0.855115
0.91330355
0.94478595
0.891881
0.07229431
0.05933918
0.07685437
0.8588117
0.9377339
0.8864835
0.08001388
0.06502164
0.071083225
0.10920643
0.8951596
0.11161643
0.06969491
0.08618026
0.07083038
0.10196728
0.07356885
0.07907315
0.102436155
0.061089583
0.057142623
0.08789211
0.08898174
0.0966205
0.83890814
0.14531456
0.086463556
0.13280329
0.9018386
0.93665904
0.951354
0.9402922
0.09460678
0.08254953
0.14779586
0.7992054
0.098955594
0.095582545
0.07106558
0.0621508
0.069776826
0.14794652
0.908329
0.9188458
0.8947062
0.8896952
0.91054314
0.90318674
0.91679686
0.91356134
0.87390125
0.89714843
0.81405884
0.1421256
0.07772109
0.08542787
0.107634395
0.110513546
0.12305446
0.21913546
0.7259189
0.8334125
0.22922349
0.18655248
0.2135704
0.24823664
0.37790483
0.47524577
0.75493324
0.7613915
0.7608373
0.7559196
0.1793847
0.19636434
0.15157838
0.6921015
0.7310673
0.77400154
0.85365874
0.9241472
0.9032977
0.9062221
0.12849602
0.1375321
0.14046738
0.76553476
0.7732707
0.77034014
0.19910859
0.18508439
0.2330837
0.24068691
0.2037913
0.17553206
0.719347
0.75067765
0.30250838
0.13795461
0.09437093
0.067343414
0.08244433
0.05647652
0.053571977
0.10631926
0.9147176
0.9479537
0.9513183
0.93753976
0.106740884
0.09389721
0.12498468
0.85502416
0.14765844
0.093370564
0.11355035
0.19614372
0.27835813
0.78682727
0.7997292
0.8015104
0.8828868
0.8742076
0.6759962
0.5468499
0.31957516
0.18961878
0.18041007
0.25527528
0.22983056
0.2301559
0.7233932
0.8080143
0.92210126
0.9221469
0.19266173
0.24058415
0.14529218
0.082308136
0.07834666
0.11206629
0.12786198
0.11012363
0.10965071
0.11031331
0.16292818
0.8795358
0.8327416
0.9205687
0.920258
0.12242787
0.081439085
0.10237734
0.110091135
0.7996962
0.8867023
0.19023553
0.18877797
0.32653022
0.8880893
0.9349601
0.93380183
0.8669151
0.23818044
0.27852812
0.23719813
0.88458633
0.90163875
0.13810405
0.15829614
0.12658934
0.1318067
0.75909805
0.8885208
0.84506214
0.9083201
0.8969162
0.15845723
0.12917194
0.15203266
0.16858238
0.8315632
0.9246941
0.9068287
0.929889
0.8704515
0.10945599
0.14586139
0.08306264
0.05801697
0.053096574
0.046184275
0.052891742
0.09814645
0.90913707
0.89445114
0.93359864
0.9269595
0.8141328
0.7640107
0.87065804
0.124848425
0.14366186
0.1508676
0.14710702
0.90437984
0.91305786
0.12927398
0.118215665
0.7171381
0.24752344
0.8826431
0.9120176
0.91756696
0.9309394
0.9057988
0.24373984
0.73497105
0.17679873
0.18624233
0.8851628
0.90216595
0.11054751
0.11299884
0.12325863
0.13880192
0.89478153
0.9196443
0.8742403
0.9028215
0.81660026
0.7525053
0.09556614
0.08637947
0.09371521
0.12697047
0.86251724
0.81844735
0.9096164
0.9109055
0.7617401
0.24669059
0.13528675
0.105253085
0.13012369
0.8665788
0.805058
0.09720174
0.08338745
0.05555545
0.04683084
0.051803857
0.08779976
0.8876361
0.27256233
0.7699685
0.14733706
0.14951149
0.86652493
0.8601704
0.93822956
0.071522646
0.038208965
0.034825638
0.03639906
0.054022398
0.8759683
0.8966513
0.917621
0.93546194
0.909891
0.9046058
0.9292898
0.9015904
0.87937593
0.9205005
0.06444962
0.04175327
0.05485801
0.049964443
0.072650254
0.8944599
0.85656303
0.9020011
0.46140257
0.41625637
0.8649277
0.3542969
0.8662345
0.09694544
0.06001448
0.061605103
0.11752564
0.13438569
0.13161351
0.78647864
0.776176
0.13425973
0.12331484
0.20933925
0.1521175
0.10981735
0.10259215
0.091491416
0.10797429
0.1600879
0.7551817
0.76186395
0.7576251
0.19755553
0.12913999
0.16239105
0.13046171
0.11164627
0.16093323
0.15557511
0.15215957
0.21504241
0.8453657
0.81853455
0.8798935
0.8655542
0.9059726
0.9034518
0.8344846
0.82073534
0.8655989
0.8442677
0.8537735
0.880714
0.81577486
0.728561
0.38713998
0.3560661
0.82611746
0.7360668
0.18512446
0.29150352
0.12830594
0.11969011
0.13204922
0.29690522
0.26341975
0.8503463
0.7741875
0.1094648
0.085176945
0.080448695
0.1036988
0.75091094
0.14317246
0.08918484
0.089035995
0.078586675
0.11276726
0.8953191
0.27487758
0.13047399
0.1383515
0.8690362
0.16647995
0.08516101
0.10957946
0.90201926
0.9314988
0.93376046
0.88592374
0.8677888
0.9364874
0.9462455
0.9469753
0.10108925
0.03236387
0.026780762
0.027835634
0.028814912
0.03003059
0.035888713
0.038496517
0.06692438
0.9458138
0.95548415
0.9650209
0.9327494
0.055374384
0.034606077
0.03379869
0.036983445
0.042209584
0.048127837
0.050145924
0.049832977
0.050446037
0.04943736
0.056634612
0.10620807
0.87519944
0.8205056
0.81695706
0.8450238
0.10226175
0.079310164
0.07509698
0.14038654
0.8753504
0.87188965
0.0994456
0.072602585
0.093503796
0.86055225
0.8207513
0.8646131
0.110374235
0.09442193
0.12892793
0.90596205
0.1476424
0.06617916
0.07904653
0.050908647
0.04993404
0.052147917
0.05896638
0.057928793
0.056766905
0.05778487
0.063883714
0.12903091
0.80817723
0.20657988
0.19434392
0.85003155
0.20651731
0.22712709
0.8461584
0.71013266
0.15704483
0.17703937
0.19366999
0.7977533
0.8970508
0.89463836
0.9190321
0.9174246
0.8845897
0.89781946
0.9157278
0.89457715