0.83964807
0.80724424
0.6909208
0.6018147
0.6165012
0.65635806
0.76062804
0.619519
0.41952896
0.54277337
0.7508876
0.5972179
0.5062295
0.5109781
0.35586408
0.3237463
0.76645035
0.21813004
0.17445388
0.23384485
0.14040568
0.120820425
0.1751926
0.17624038
0.7422328
0.80635077
0.18197447
0.22238825
0.07639446
0.05703412
0.05702599
0.055308234
0.05524989
0.055124354
0.059954535
0.06408585
0.09737781
0.8588961
0.870075
0.89929265
0.098737024
0.062128708
0.08817639
0.074348964
0.057177845
0.05884885
0.075099654
0.074807994
0.07989909
0.09480837
0.09810725
0.120421894
0.15646395
0.11241843
0.08843728
0.12513752
0.16525
0.18107857
0.89806175
0.1586651
0.0842101
0.07519179
0.089370586
0.7934816
0.27591822
0.23886563
0.8488935
0.86282986
0.89258486
0.9299255
0.40348893
0.23347056
0.825443
0.08132362
0.05193224
0.05660091
0.10819416
0.092561916
0.18764952
0.21660222
0.15445808
0.17296623
0.19687553
0.16838947
0.27815843
0.20994158
0.19632772
0.2209796
0.25559205
0.24337378
0.2597075
0.19745941
0.17490534
0.1791117
0.17891185
0.19634426
0.22974566
0.78090113
0.22920252
0.17326292
0.16277659
0.16650936
0.68617076
0.30778438
0.1349712
0.10866628
0.10656575
0.122063674
0.7892852
0.88584095
0.7871396
0.7374245
0.7378247
0.78617024
0.88147146
0.8069366
0.7863202
0.84027505
0.17423825
0.051918417
0.04246484
0.042767666
0.0479586
0.065610655
0.07031483
0.051266413
0.05174514
0.08772192
0.9057309
0.9441622
0.08566538
0.04520328
0.041810002
0.050068904
0.087706864
0.9033713
0.21611138
0.08872766
0.11895855
0.8965386
0.926263
0.94132847
0.92421603
0.89696217
0.87312746
0.86918414
0.8812506
0.124883786
0.08287852
0.1398906
0.89527196
0.08875072
0.061218627
0.05294936
0.06388528
0.12084545
0.92317164
0.18921085
0.070741296
0.055169377
0.06690113
0.075594395
0.060807675
0.05981996
0.06184328
0.07091796
0.0839768
0.08257662
0.073273316
0.07631371
0.0906862
0.15423495
0.8156909
0.15976192
0.10116368
0.10031912
0.12149113
0.33147284
0.16261096
0.1443132
0.17805223
0.1665138
0.1288256
0.12310201
0.16273895
0.18945506
0.87871397
0.15162177
0.10835153
0.1658251
0.086400494
0.1053192
0.08472213
0.13131809
0.15764198
0.89287823
0.1413045
0.12493792
0.11736299
0.13765223
0.0918903
0.063117415
0.054987818
0.051103313
0.054533202
0.06067759
0.06845434
0.109007485
0.9184011
0.88854957
0.102433965
0.052825842
0.045360282
0.049230758
0.052042753
0.049435418
0.05368705
0.045626987
0.04132687
0.037361685
0.04018656
0.0625573
0.92656344
0.95802075
0.9506326
0.925257
0.052015208
0.033620525
0.031478032
0.039230462
0.05723713
0.90462494
0.9502534
0.9227173
0.95344484
0.08742753
0.04889362
0.06478566
0.06224396
0.047529746
0.048469078
0.06671721
0.05992103
0.058529682
0.090315595
0.08046367
0.13264884
0.89617574
0.14409535
0.13170707
0.108453
0.070896335
0.09021534
0.12006362
0.13262883
0.9262337
0.9389319
0.8768932
0.091202065
0.046001334
0.045252867
0.043598678
0.04467899
0.048556857
0.06172318
0.055516664
0.045505237
0.041006602
0.04427294
0.07136268
0.926337
0.9569699
0.9323238
0.06752049
0.03970614
0.038305134
0.048410617
0.07304418
0.08288835
0.11000747
0.82990116
0.10657314
0.06689306
0.082364574
0.08270234
0.13044313
0.892196
0.14667803
0.13180254
0.08842609
0.10110552
0.19214615
0.7935013
0.22425213
0.24410403
0.1270484
0.071892016
0.08346607
0.08329219
0.06379582
0.0782288
0.082827
0.067487925
0.10025565
0.09259336
0.0566744
0.049388316
0.06097144
0.08298424
0.89778996
0.93441075
0.085529864
0.0533304
0.050471988
0.07773456
0.9149838
0.912332
0.2072218
0.29320404
0.8961101
0.9192237
0.9326287
0.9311262
0.9084446
0.92141294
0.8629536
0.8662491
0.16914755
0.1306292
0.78688514
0.07113853
0.049020797
0.05060199
0.08507154
0.89190555
0.79781103
0.12803034
0.12551728
0.13648023
0.9108071
0.9274674
0.8429455
0.123389676
0.09666547
0.08596011
0.07204313
0.10785211
0.070181854
0.07088665
0.08538395
0.16677962
0.1561585
0.38072222
0.3339236
0.6307926
0.11685778
0.07469686
0.0653812
0.08392524
0.09103472
0.7618157
0.21032526
0.18222108
0.9137977
0.9411923
0.14311472
0.11521222
0.057348542
0.08133046
0.08185664
0.051758736
0.040023405
0.038559493
0.03998415
0.03653367
0.038956165
0.068509676
0.9343767
0.9554502
0.9585129
0.92095715
0.075116076
0.06888598
0.106738634
0.8960747
0.10282695
0.048012223
0.045520302
0.059811156
0.062058497
0.07014807
0.08462468
0.11619202
0.212418
0.91155195
0.8068585
0.17879176
0.22227478
0.7296497
0.16766399
0.21121714
0.67788017
0.12380201
0.10773336
0.14139828
0.88696706
0.9157629
0.20099336
0.21910547
0.11712899
0.1377665
0.04696379
0.044481706
0.035880703
0.03376812
0.034325197
0.039189085
0.06533256
0.9410464
0.95163864
0.9639993
0.9589582
0.0643694
0.034619574
0.034139223
0.034413453
0.040390626
0.052776776
0.049241018
0.06373861
0.108964115
0.12314542
0.2600464
0.9084954
0.8276424
0.83416426
0.9114473
0.8581763
0.92683524
0.9403081
0.08165191
0.073897965
0.0383661
0.034384664
0.038278654
0.0563274
0.06609585
0.10234681
0.10216632
0.080116436
0.08928394
0.9027907
0.9204179
0.8937048
0.9491693
0.08513687
0.071122795
0.056638654
0.060531255
0.07425463
0.061467897
0.05382414
0.053830937
0.05440697
0.06371682
0.070624836
0.11123275
0.12283341
0.18066496
0.15521191
0.078375645
0.062107787
0.10059618
0.09858702
0.22959484
0.88715243
0.47968638
0.8952718
0.91639197
0.16260694
0.081831336
0.07630125
0.08053221
0.1978531
0.18833567
0.15623152
0.32886803
0.32927907
0.199647
0.19315594
0.28022644
0.7398554
0.88569576
0.8957413
0.8006077
0.7660666
0.76791817
0.7940691
0.8812322
0.8890111
0.8205096
0.8671423
0.783389
0.75225073
0.09414915
0.0690857
0.06460117
0.065045066
0.14411433
0.12211146
0.28886238
0.9034842
0.16353968
0.17587364
0.12109365
0.092590734
0.12459353
0.8887441
0.84093857
0.102894865
0.08501158
0.05950989
0.048778776
0.047613464
0.04909412
0.054230373
0.04704812
0.046037756
0.048942856
0.081433736
0.911342
0.8844235
0.9482788
0.07739688
0.040372662
0.036836
0.03956135
0.06212984
0.8791634
0.85920656
0.3476002
0.90815425
0.9273784
0.9211968
0.9181142
0.29753175
0.83540756
0.92143834
0.063893594
0.038868673
0.042890556
0.04526261
0.07440742
0.92077893
0.8814965
0.9469205
0.18442649
0.06219723
0.08345321
0.04690456
0.054623477
0.048182018
0.049922552
0.053409915
0.082205564
0.09345386
0.107616864
0.8230184
0.80394846
0.10967584
0.08560184
0.11924617
0.11611836
0.13298984
0.7714782
0.748495
0.7633082
0.7784657
0.16471218
0.09467373
0.096430495
0.08565674
0.08331115
0.14608622
0.17715049
0.769197
0.17964377
0.09696199
0.066102505
0.06504754
0.11226983
0.0932826
0.17646307
0.17948212
0.47908974
0.9215028
0.911762
0.898267
0.9295246
0.8675552
0.15131684
0.14565974
0.0968771
0.07147984
0.10519467
0.13958001
0.87517416
0.15026769
0.10501157
0.18863788
0.10219733
0.1017538
0.13624553
0.85666907
0.3914584
0.8699633
0.14404762
0.09698525
0.12369945
0.73595935
0.09896077
0.0609759
0.06726662
0.06090039
0.07537162
0.076478615
0.20354542
0.9380528
0.9411283
0.09509218
0.061948504
0.075540885
0.08102079
0.786048
0.13277991
0.13837484
0.9066226
0.93091923
0.8731919
0.849006
0.9261278
0.8633769
0.94228685
0.09392251
0.034663185
0.028802587
0.029701743
0.030478721
0.031445455
0.037759922
0.03985397
0.06887438
0.94598114
0.95439
0.9643886
0.92936796
0.056101214
0.035185132
0.03438897
0.037447255
0.042831402
0.049558107
0.05229609
0.053269804
0.059399433
0.06946339
0.11528272
0.89566445
0.13574372
0.10359159
0.11679273
0.12578785
0.8190118
0.14943591
0.0997204
0.14033039
0.07937026
0.12054164
0.07476427
0.058990616
0.055456176
0.05878661
0.05385664
0.05020056
0.054251313
0.066883996
0.116035335
0.90907776
0.8382066
0.8344746
0.919413
0.122338906
0.067076966
0.05749424
0.0790155
0.07403051
0.07774329
0.09023254
0.097433515
0.23043263
0.19754077
0.17458822
0.20164423
0.4084987
0.7163115
0.2698166
0.34172058
0.18183388
0.15497674
0.21594997
0.21138038
0.4307298
0.80478877
0.45720404
0.6536224
0.8299755
0.722141
0.4370777
0.48493436
0.8327646