0.84967047
0.8363669
0.7490943
0.6798143
0.68779397
0.7018963
0.74632716
0.8055233
0.89768183
0.9177781
0.91063327
0.8771763
0.7317495
0.7016707
0.8309214
0.7546823
0.87732565
0.124242984
0.08503466
0.11121821
0.070571624
0.06003283
0.07850081
0.07808097
0.092455454
0.10099143
0.07928443
0.10890293
0.06661068
0.058993157
0.058647018
0.05612143
0.054561626
0.05206907
0.051864646
0.05499701
0.08683327
0.8817042
0.9009009
0.9209104
0.08888823
0.05123182
0.059688166
0.05587765
0.04981414
0.051436886
0.058766928
0.057860676
0.060708947
0.0785086
0.11340736
0.82843894
0.9147968
0.13657492
0.06913598
0.071905956
0.064925134
0.06704006
0.09515096
0.072807886
0.09758544
0.7935285
0.117727734
0.091362685
0.13789369
0.86033714
0.83971006
0.8536687
0.114973396
0.11817824
0.10495819
0.08834734
0.8398988
0.83980846
0.8443155
0.8974933
0.9436501
0.9369588
0.94711417
0.9420312
0.06713541
0.04810781
0.046862055
0.040105768
0.054008022
0.060487147
0.09609953
0.84027135
0.14149824
0.090722896
0.087773584
0.06596369
0.064386934
0.07940389
0.10206598
0.1293019
0.7600714
0.86197644
0.21181113
0.1511797
0.14474791
0.14778474
0.71532464
0.2738716
0.122792356
0.10052043
0.10177935
0.12050676
0.8026497
0.8924139
0.79740673
0.7483436
0.7466126
0.79256463
0.88416135
0.8063812
0.7787525
0.83360004
0.18062264
0.052733976
0.04270235
0.04276454
0.047821563
0.06555968
0.07093075
0.05153654
0.051942356
0.08854675
0.9080056
0.9451285
0.08683945
0.045790866
0.043269742
0.052224506
0.093532905
0.9067464
0.20166431
0.093266
0.117766045
0.8428734
0.31539437
0.9110869
0.925269
0.901512
0.87090856
0.23860717
0.8174701
0.124483146
0.08737192
0.14090471
0.8951023
0.09496351
0.066813886
0.05564765
0.06641214
0.12266003
0.9208535
0.19232534
0.07321968
0.05620458
0.06815119
0.07673518
0.06060247
0.0589402
0.060253955
0.066711284
0.07657968
0.07380503
0.0666728
0.06834395
0.080622256
0.13790184
0.8061847
0.15334678
0.11069066
0.1178102
0.16966192
0.86343807
0.7283069
0.22165224
0.17329617
0.19534174
0.17737989
0.20031314
0.6970402
0.78557867
0.8796075
0.7976879
0.77344656
0.87038773
0.14639513
0.10839024
0.10887017
0.18211995
0.7991411
0.88984424
0.8126937
0.8121226
0.83219415
0.9113667
0.82661176
0.073043525
0.043974627
0.037673883
0.040948607
0.04784784
0.05764459
0.09949892
0.92641807
0.9062617
0.096584216
0.04995271
0.04348882
0.047754884
0.051207438
0.04877926
0.053841725
0.045423526
0.041197956
0.037331343
0.04037461
0.063576914
0.9293874
0.9579372
0.9492747
0.9255145
0.052990988
0.034355763
0.032765355
0.04297115
0.06121811
0.89698297
0.9432925
0.88675505
0.94673926
0.100465596
0.05595667
0.0762361
0.072459914
0.05112224
0.050377388
0.06890559
0.0611007
0.05983495
0.08517409
0.05869071
0.059057966
0.07509288
0.052358005
0.07250984
0.11897656
0.90504426
0.89775336
0.903371
0.9068641
0.2642504
0.15902376
0.0788101
0.09522756
0.09726307
0.72860414
0.12510334
0.09594727
0.13077992
0.8760676
0.8067403
0.76018226
0.72283393
0.7119495
0.71132857
0.73774827
0.22465184
0.11298455
0.11047161
0.14490181
0.7173492
0.8051732
0.8792803
0.76453555
0.71933717
0.7060673
0.14364627
0.12592457
0.21928956
0.16599831
0.190532
0.8107256
0.24057533
0.31584892
0.7026003
0.7587209
0.19218399
0.07456535
0.06637245
0.112753704
0.10362651
0.10138871
0.8082995
0.14367267
0.087208025
0.1317483
0.8979273
0.93682843
0.95075345
0.93957865
0.095593624
0.08379892
0.15328531
0.79578483
0.10363579
0.10064339
0.078164
0.07165167
0.08615241
0.17007576
0.90520364
0.89783114
0.54248494
0.546627
0.8582947
0.86033416
0.90183824
0.89316344
0.7225706
0.30782187
0.13363637
0.14583656
0.11157818
0.12914647
0.62772226
0.14978221
0.12060406
0.16998146
0.7419109
0.87367046
0.14029986
0.11169402
0.13448806
0.20384581
0.9199332
0.93298584
0.84876674
0.09673397
0.06500301
0.053616434
0.04616107
0.053163897
0.052171756
0.077693306
0.8098925
0.8071432
0.13384071
0.13829528
0.17008765
0.9050915
0.08445282
0.048525646
0.03790437
0.042990603
0.06645008
0.90827787
0.92262673
0.9403571
0.9466742
0.9310748
0.17857102
0.12390165
0.84143627
0.9066818
0.9351588
0.92192036
0.91386956
0.14148371
0.18098217
0.8459934
0.83384234
0.8163534
0.8950817
0.1074242
0.06851965
0.047081523
0.050031703
0.07677477
0.80063045
0.17195493
0.13655643
0.12660003
0.8394703
0.9163789
0.10552804
0.08136249
0.0792774
0.06551008
0.1276854
0.17090155
0.15069535
0.857565
0.154407
0.06286004
0.053545002
0.07066598
0.07217297
0.09014457
0.8905157
0.88509864
0.9455592
0.9455569
0.10824606
0.12349989
0.07745022
0.05324476
0.057433285
0.09883037
0.81437844
0.10685344
0.07451466
0.06927957
0.10750439
0.8972916
0.8305158
0.902853
0.3921809
0.16201541
0.15971749
0.6855037
0.13633169
0.13756844
0.22513421
0.18879882
0.35772482
0.86702746
0.8509962
0.90509003
0.89654714
0.79902405
0.8062901
0.87676674
0.84590024
0.9061889
0.927745
0.10075205
0.101923324
0.045208246
0.036989987
0.040350232
0.062388975
0.069335945
0.1021002
0.09516922
0.07208111
0.08247254
0.9005368
0.9263313
0.92242646
0.95106065
0.0826995
0.07321058
0.057964027
0.06284714
0.078785904
0.056706067
0.04634945
0.04359932
0.04415417
0.06692456
0.10950046
0.906784
0.90089035
0.93197465
0.92401
0.812821
0.7784685
0.8501389
0.83178043
0.8904866
0.8975297
0.8376173
0.8924489
0.9000646
0.2081008
0.73512137
0.06939163
0.047832627
0.058826063
0.05325639
0.04369028
0.07022905
0.08101376
0.08207466
0.88094
0.8826405
0.9226922
0.944607
0.92881185
0.11069182
0.11688575
0.17337275
0.87798125
0.93475205
0.93120855
0.10872813
0.10842114
0.08329749
0.06595764
0.082560934
0.6754041
0.24115148
0.7639263
0.8915626
0.890409
0.91971034
0.9218508
0.90528166
0.9026648
0.85600984
0.801771
0.8098489
0.8818862
0.7949818
0.14757821
0.19181745
0.0854252
0.09014906
0.098837994
0.10479298
0.17315944
0.15166804
0.15675682
0.20430349
0.23223074
0.2138945
0.19828475
0.32230973
0.22647092
0.20172401
0.25968638
0.5771281
0.6030471
0.60248154
0.2631051
0.2711824
0.80202645
0.18864961
0.16490914
0.2720419
0.27558535
0.36212984
0.89667416
0.81479716
0.821935
0.17682976
0.07084294
0.055500466
0.08473613
0.07124493
0.11242712
0.13509326
0.08964498
0.15546365
0.8741007
0.89096856
0.08263557
0.045863666
0.042576298
0.052303582
0.059006
0.08648264
0.8966032
0.86721563
0.89899707
0.0877104
0.060283635
0.04746214
0.04655619
0.055313922
0.09062546
0.8332162
0.8527242
0.1328657
0.07819889
0.08183761
0.08505675
0.065877065
0.08182881
0.07814598
0.070219055
0.09181622
0.08951877
0.06744539
0.06701353
0.11792864
0.102708444
0.18648298
0.19938189
0.48340803
0.92175496
0.9115469
0.8997485
0.93043214
0.8707894
0.14830162
0.13910826
0.0911818
0.06707682
0.09469258
0.12664191
0.86613685
0.25068328
0.22587977
0.8661179
0.12629938
0.07908996
0.07873639
0.14600456
0.108083665
0.15556428
0.10714928
0.1260383
0.13006641
0.7414932
0.1159396
0.08952988
0.11696145
0.13530678
0.8647398
0.22885068
0.19425349
0.8844295
0.91358066
0.19065954
0.193756
0.8908204
0.10487991
0.046376437
0.04245287
0.059845295
0.0767136
0.08091646
0.07994086
0.9010727
0.9472001
0.88935953
0.9536829
0.09486277
0.0356732
0.029526401
0.030276027
0.031061988
0.031735353
0.037201714
0.039464783
0.067851916
0.9456963
0.95544237
0.96481365
0.9329249
0.054093868
0.03358432
0.03202643
0.034259047
0.038051743
0.041803446
0.043156102
0.048244555
0.082882024
0.86791056
0.831517
0.92067015
0.11695606
0.08592195
0.08844358
0.102777824
0.11544937
0.7628481
0.14306565
0.15994447
0.09735024
0.11446457
0.8182241
0.7947352
0.8155987
0.11217515
0.058066275
0.050359447
0.056500323
0.07452175
0.12801583
0.8920495
0.79820716
0.19411981
0.28421736
0.11124508
0.13488914
0.092727154
0.12273941
0.102232784
0.100424774
0.11015551
0.13817133
0.27519846
0.24522175
0.22956729
0.28696242
0.8155496
0.2231751
0.21207264
0.3055689
0.16207568
0.13651098
0.1873318
0.19590859
0.2888524
0.4583418
0.41215718
0.86578196
0.89225656
0.8048229
0.79818976
0.858827
0.88811326