0.8439169
0.8216385
0.72352076
0.6516211
0.6748483
0.6908653
0.71491635
0.7167601
0.7454825
0.8004605
0.5743599
0.27819934
0.23285714
0.22746524
0.24436197
0.51373774
0.71994936
0.33497712
0.2858814
0.3597015
0.26155704
0.23765095
0.27585894
0.26462206
0.3138164
0.37182218
0.36600804
0.7369621
0.6056261
0.26492664
0.22281939
0.20820156
0.23398979
0.22400355
0.25870416
0.26749924
0.22087082
0.22270328
0.17587055
0.14216135
0.1449893
0.17959444
0.28458166
0.6162943
0.27072254
0.17744753
0.20603035
0.62507325
0.65519446
0.720656
0.10758675
0.07526699
0.091240816
0.063313
0.058533415
0.07807942
0.10260168
0.13363837
0.8959432
0.12827265
0.06681656
0.062237963
0.081727415
0.77975184
0.19157702
0.16890411
0.8305024
0.8044401
0.8556052
0.9368323
0.31040835
0.19207323
0.8483505
0.07237378
0.04374217
0.04422986
0.06303934
0.062942296
0.10696761
0.11532384
0.082784764
0.095275186
0.101835445
0.07915365
0.10030859
0.07710912
0.07212248
0.08422118
0.09520897
0.09484866
0.12471898
0.08325447
0.076212
0.060573682
0.054004636
0.055788193
0.09665021
0.9107265
0.7969592
0.79960537
0.14980276
0.12802318
0.8399078
0.9213906
0.8270965
0.82017595
0.1380157
0.1435777
0.828334
0.929831
0.08377637
0.050031334
0.045158148
0.055116106
0.10571866
0.08459374
0.13139291
0.16599889
0.23183672
0.122498
0.13527942
0.15260547
0.22857012
0.39108458
0.47082353
0.33464053
0.344169
0.3428648
0.30118933
0.375962
0.26318845
0.25363868
0.30594507
0.34413132
0.34073037
0.51510626
0.75917053
0.3709344
0.36007884
0.3777667
0.34700337
0.7477153
0.3555855
0.22522321
0.25442
0.22894149
0.24196474
0.82458603
0.75987786
0.20131977
0.28259295
0.08477039
0.062382974
0.062467273
0.06761363
0.0828197
0.25447604
0.93312603
0.86703885
0.8787131
0.10587841
0.053769797
0.04279489
0.045630045
0.056813966
0.07165385
0.10671339
0.14167821
0.7829349
0.15717162
0.13233453
0.11613523
0.09100107
0.08234467
0.07630189
0.10076011
0.3764586
0.93126297
0.88734233
0.847607
0.85856897
0.11976512
0.06408293
0.058276482
0.07449566
0.07130213
0.13198398
0.08570601
0.11105068
0.20631413
0.10776769
0.13096435
0.09209504
0.117972456
0.11116359
0.15776823
0.09641568
0.13181221
0.14676991
0.19410625
0.11750423
0.07438209
0.0606187
0.053608656
0.058270197
0.067207746
0.076145135
0.11348147
0.9156096
0.88219494
0.11059682
0.056183655
0.046416454
0.051743224
0.05478614
0.050146364
0.056583237
0.046384063
0.041586198
0.037381962
0.040288687
0.062950805
0.926756
0.95786005
0.9517331
0.9237279
0.052346684
0.03416414
0.03261027
0.043132707
0.06080032
0.89474267
0.94429946
0.9076443
0.9479278
0.10597826
0.061767805
0.090673216
0.08520958
0.05544002
0.054416217
0.085403524
0.071624324
0.06992798
0.11918492
0.077175036
0.09617835
0.14304855
0.09197145
0.14042135
0.20467299
0.86527914
0.8739352
0.8747035
0.8731657
0.41049755
0.22899671
0.08784955
0.08590031
0.057331685
0.05491583
0.068549424
0.07866745
0.12882054
0.9101397
0.1899561
0.08894154
0.057635635
0.054348633
0.05872768
0.07341174
0.112730525
0.13265614
0.85223925
0.11104825
0.06513318
0.06737285
0.076796584
0.0561495
0.05753356
0.061308138
0.068872675
0.12703186
0.9286377
0.11134652
0.05462022
0.04989108
0.043647878
0.04577096
0.041160338
0.047266934
0.09768308
0.9425338
0.94567496
0.9612392
0.08966907
0.038467616
0.035811383
0.037993398
0.036930025
0.043942764
0.059068557
0.09330349
0.9273936
0.93616325
0.09739793
0.06016946
0.07398742
0.0636083
0.1030916
0.88516223
0.14103526
0.081668764
0.073102385
0.096446395
0.89719903
0.90972257
0.8453637
0.85587245
0.9057407
0.88234407
0.92107433
0.92177075
0.8593782
0.90788484
0.08907171
0.078166455
0.046570443
0.050002128
0.05585479
0.07177362
0.09337382
0.31516236
0.7780737
0.8492158
0.19801836
0.16725606
0.21021368
0.25476095
0.85232115
0.86808544
0.761282
0.14973348
0.11069099
0.09217389
0.080995664
0.13233174
0.16570193
0.1393142
0.8127418
0.09354363
0.06425482
0.078518376
0.07526968
0.08522116
0.051451642
0.047056925
0.052518576
0.090965495
0.9022467
0.92153025
0.0957398
0.04926873
0.058426265
0.054707535
0.038858965
0.04152394
0.06723611
0.92117536
0.9476385
0.9201651
0.14192486
0.17426471
0.897921
0.085308924
0.052312635
0.050889358
0.052962758
0.074211605
0.07807115
0.05943883
0.057575453
0.060718745
0.074803665
0.10961618
0.10439562
0.08634965
0.13402368
0.9020608
0.12832259
0.101544224
0.0999371
0.08027765
0.16169736
0.16383953
0.076698974
0.06414805
0.07581607
0.05307046
0.049278
0.06769545
0.072606295
0.09057746
0.8994859
0.8884182
0.9474647
0.9492657
0.10845501
0.12214103
0.073007375
0.046683006
0.049526624
0.07467973
0.10100649
0.8242278
0.109208785
0.065916516
0.06650635
0.120172665
0.14081508
0.21897753
0.19188601
0.104373924
0.12236333
0.14321433
0.19574556
0.14032626
0.22676742
0.1856147
0.35205233
0.8614492
0.8288283
0.8957384
0.8868264
0.7826497
0.7954991
0.87437856
0.8391984
0.9088409
0.93002534
0.102469705
0.10917681
0.046271063
0.03713967
0.040109906
0.06341523
0.07144504
0.11067787
0.10994656
0.0846529
0.09192983
0.89724505
0.9147157
0.8880048
0.9458548
0.08745885
0.076352395
0.059255984
0.062899016
0.07862788
0.059880216
0.047723517
0.04370991
0.0422487
0.059160862
0.09642603
0.9113371
0.851858
0.915716
0.9182264
0.12610161
0.09218004
0.15528707
0.13473071
0.26151255
0.8385474
0.26168433
0.33575463
0.34607267
0.24747302
0.6989081
0.6918074
0.69296247
0.8100709
0.30378255
0.19778796
0.3257575
0.27813113
0.15008938
0.1413693
0.17858163
0.16618429
0.3177844
0.34660977
0.21188125
0.25943783
0.29716402
0.291455
0.78654677
0.51919836
0.3440917
0.49416867
0.7092479
0.25978112
0.13570398
0.12864004
0.1325222
0.1402894
0.29861134
0.2227241
0.4283637
0.43263054
0.24248618
0.36763844
0.28077117
0.2142416
0.27982643
0.8134702
0.22627789
0.19780926
0.33312523
0.11902613
0.11781661
0.11663211
0.10890429
0.16492477
0.11662782
0.10532684
0.09729592
0.12032497
0.16002956
0.1642115
0.8886112
0.13229887
0.066357754
0.07041903
0.06584408
0.0894
0.8176672
0.31983966
0.25373435
0.90235966
0.8901877
0.8705194
0.9106411
0.21656528
0.3045365
0.88374555
0.09356646
0.062460057
0.09381815
0.08221929
0.109627835
0.86276346
0.23159267
0.35212627
0.45953363
0.2929483
0.86348754
0.13819765
0.095106736
0.098845996
0.12547001
0.27036053
0.87455505
0.22886442
0.09450434
0.08168739
0.080839224
0.10281046
0.7028253
0.864098
0.28458992
0.7610198
0.7902366
0.09193188
0.05531576
0.053986892
0.078484096
0.065452985
0.066297784
0.0606449
0.057442144
0.060680088
0.058657303
0.057449806
0.06013315
0.0662627
0.10176819
0.87158644
0.09360895
0.053271495
0.05307247
0.044909615
0.08612178
0.17484775
0.92226076
0.9365045
0.94793075
0.9324228
0.9251939
0.9425236
0.9129171
0.05954598
0.03942716
0.03465859
0.039539013
0.04625604
0.08416722
0.9115678
0.8480224
0.1014743
0.06880058
0.1008591
0.12119641
0.8204163
0.11456244
0.10972566
0.06308163
0.05539039
0.0842976
0.058767498
0.08193654
0.11673001
0.8748439
0.23935843
0.21787402
0.88067895
0.88308704
0.3907907
0.76279145
0.8752197
0.10794876
0.07875637
0.080855995
0.11582245
0.3609914
0.86908406
0.7587776
0.77260596
0.90577376
0.926513
0.9293347
0.25587806
0.06534586
0.042593263
0.040586136
0.03968418
0.04246238
0.069032714
0.05830281
0.090777054
0.9371938
0.9340853
0.957331
0.9142624
0.068506315
0.044351228
0.045936026
0.04318787
0.049196318
0.064556986
0.0690982
0.066805236
0.08563797
0.08165
0.08055114
0.09798697
0.07791504
0.076819904
0.07170219
0.052846123
0.052425206
0.064445876
0.102715485
0.9359294
0.91237366
0.10142962
0.058219522
0.05941993
0.09141907
0.86432767
0.084195204
0.05484655
0.042777993
0.045562204
0.07841112
0.9399942
0.9461273
0.9349462
0.9548497
0.06323939
0.035066266
0.032081585
0.03674706
0.04063174
0.04366065
0.04697138
0.05564858
0.11251936
0.86995625
0.887134
0.12608954
0.10817301
0.053217925
0.054818105
0.075565316
0.055297278
0.04751429
0.06530507
0.0651884
0.14328775
0.9070813
0.8986773
0.92397314
0.92974114
0.9311614
0.9319084
0.93889046
0.9282139