0.84578687
0.8291488
0.7365437
0.6634672
0.6761914
0.6907396
0.7209954
0.74463457
0.81328243
0.89222825
0.9016182
0.86897224
0.7143061
0.6760044
0.80455405
0.73183674
0.84198135
0.16639264
0.12382417
0.16806841
0.09868255
0.08398377
0.12606578
0.13779758
0.780832
0.8421291
0.14831318
0.1546825
0.06300134
0.05146656
0.05277472
0.052418593
0.05272662
0.052012812
0.054645147
0.058707554
0.09142581
0.87456393
0.8859546
0.9130257
0.09404603
0.05638887
0.07280455
0.06465526
0.05427174
0.05645744
0.067848936
0.06827525
0.07286649
0.08449676
0.086899295
0.09393672
0.11736831
0.08890073
0.0709917
0.09473576
0.12647475
0.15351367
0.9076697
0.1478903
0.07365689
0.06595351
0.08346172
0.8105409
0.23932175
0.20531505
0.86121136
0.8670751
0.9002306
0.9363931
0.36550155
0.2162732
0.84392947
0.07565671
0.045597166
0.047156114
0.08090029
0.0703143
0.13703354
0.14919652
0.09903058
0.11930927
0.15534565
0.1478685
0.7916079
0.128733
0.079361
0.079815805
0.088079385
0.0876236
0.12097224
0.07906784
0.07305992
0.058738258
0.053054452
0.05543299
0.09635991
0.9101901
0.7955541
0.7968149
0.14966112
0.12796645
0.8378757
0.9208892
0.82509494
0.8184277
0.13827734
0.14373463
0.8280366
0.92987275
0.08394941
0.050216217
0.045291312
0.055262994
0.10591406
0.0843945
0.13048244
0.16406462
0.22771639
0.11894982
0.1305573
0.1466223
0.21783139
0.37300605
0.45731562
0.3135628
0.32158422
0.3186513
0.27758163
0.3531407
0.23353212
0.221868
0.2722823
0.30938092
0.30563307
0.48806688
0.7919698
0.31276065
0.30621332
0.32464063
0.2831566
0.8185099
0.24643782
0.1333803
0.15354744
0.13500328
0.15426877
0.8600579
0.7640392
0.7533798
0.8861879
0.15928677
0.14431772
0.69085217
0.10243434
0.09596292
0.121855244
0.124951445
0.09106675
0.12105189
0.7944008
0.81667864
0.8513487
0.09238538
0.06795659
0.054456398
0.06587953
0.10202297
0.8517286
0.08915915
0.051046703
0.04394483
0.040390234
0.037204772
0.037320312
0.043850046
0.12461886
0.95178604
0.95625216
0.93724555
0.9343523
0.060096435
0.035149876
0.03286897
0.038136203
0.043555282
0.055435296
0.06523348
0.12541299
0.9240022
0.1202814
0.082684234
0.05560574
0.06277037
0.06548948
0.09048616
0.06830529
0.09180999
0.118427806
0.18147452
0.1382648
0.7949126
0.11158356
0.07319294
0.06423028
0.06915514
0.07955404
0.11529535
0.9089091
0.8701202
0.10956634
0.057514083
0.046980087
0.053864684
0.058804415
0.051751647
0.062352873
0.048564795
0.04342496
0.038353994
0.04187032
0.06696429
0.9272659
0.9559642
0.9412599
0.9161827
0.05612448
0.036636088
0.035561986
0.05060965
0.06620271
0.8895503
0.9392965
0.8932928
0.94095445
0.12476435
0.07407579
0.116680786
0.10400573
0.05816449
0.05299358
0.08320517
0.06607566
0.0636652
0.12686875
0.122994356
0.81698984
0.8899957
0.7719636
0.76309204
0.16251309
0.09173366
0.10309654
0.120932594
0.1346719
0.921434
0.9384257
0.8748714
0.08620499
0.04429404
0.043670334
0.04275087
0.044260353
0.048098333
0.060046703
0.054422524
0.04504892
0.040831883
0.044075895
0.071004346
0.92638665
0.95735556
0.93393373
0.06716984
0.039423924
0.037948653
0.04758416
0.07101293
0.08132029
0.10922845
0.8314153
0.10575588
0.0662848
0.080927506
0.081800856
0.12976784
0.89307994
0.14549503
0.12963828
0.08732928
0.10003919
0.19049247
0.79664606
0.22385646
0.24170524
0.12544642
0.070710555
0.08153604
0.0808029
0.061956804
0.07551974
0.08037703
0.0676288
0.11078765
0.12972943
0.11092953
0.062461812
0.072616115
0.086357
0.892019
0.93283165
0.083174504
0.052168116
0.049655642
0.07670696
0.91452944
0.9119097
0.20660822
0.29233527
0.8958694
0.9190184
0.9325275
0.93098825
0.90813625
0.92109853
0.86253685
0.8659319
0.17045556
0.1311164
0.7871035
0.071319066
0.04912828
0.05073455
0.08535269
0.8918431
0.7976249
0.12856263
0.12609081
0.13645057
0.90895957
0.9248425
0.8325034
0.12341682
0.09897482
0.09312356
0.087077826
0.15832208
0.16423352
0.097346574
0.100706264
0.18074587
0.160608
0.37546244
0.32918712
0.6187239
0.11626682
0.07486064
0.065771036
0.08474191
0.091566175
0.7589489
0.21164268
0.18303217
0.9129603
0.9406207
0.14424494
0.117076844
0.057917975
0.082476586
0.08267996
0.05194222
0.04001073
0.038548604
0.03999802
0.036538508
0.03895692
0.068526074
0.93433625
0.9554304
0.95849353
0.92090386
0.07515003
0.06893389
0.10679719
0.89613485
0.10291577
0.048033137
0.04556243
0.059926916
0.062198587
0.0703447
0.08486665
0.11646274
0.21317053
0.91151905
0.8060467
0.17877722
0.22240531
0.7281869
0.16772829
0.21138775
0.67643845
0.12410643
0.1081427
0.14185861
0.88679266
0.9155757
0.20135269
0.21905056
0.116971396
0.13750911
0.046993326
0.04454566
0.035896666
0.03377629
0.034323074
0.03917509
0.06531236
0.94105566
0.9517415
0.9640496
0.9590142
0.06431343
0.03458985
0.034097847
0.03439694
0.040376414
0.052783266
0.049289998
0.063844234
0.10898481
0.12333866
0.26201442
0.90848374
0.8274158
0.8339578
0.9111685
0.8577139
0.9263534
0.9401611
0.08165994
0.07366015
0.038458485
0.03443398
0.038325053
0.056440394
0.06616615
0.1023863
0.102121994
0.079707325
0.08850101
0.90167546
0.91944724
0.89500064
0.94794244
0.08425806
0.07108595
0.055813476
0.059241578
0.07311878
0.056934677
0.046375673
0.04250879
0.041151986
0.05656358
0.09293017
0.9144653
0.8587272
0.92257184
0.92453885
0.11692116
0.08425627
0.1418997
0.12262753
0.25122845
0.8480218
0.24856226
0.3187252
0.3407052
0.3321388
0.7197438
0.7622511
0.8663134
0.86799055
0.31572628
0.18942326
0.3620811
0.2827114
0.1369501
0.13034448
0.1714629
0.15982203
0.3696786
0.40175024
0.2077587
0.2642861
0.33224374
0.30914336
0.8452948
0.46403497
0.17091607
0.23760295
0.113713704
0.060749207
0.051410433
0.05687847
0.078693286
0.105348624
0.8791098
0.2588919
0.47987732
0.9127808
0.91862816
0.92953146
0.86591214
0.24169546
0.23111449
0.8776225
0.82364106
0.0965511
0.101488516
0.072668925
0.06306065
0.07450597
0.14174694
0.12848765
0.08909898
0.12165196
0.089414835
0.10066245
0.12209088
0.13846795
0.9049791
0.11070901
0.054078348
0.052140262
0.05322132
0.07843129
0.83723813
0.25946325
0.21815397
0.911025
0.9140725
0.90000015
0.9220542
0.19190305
0.27374706
0.8878932
0.08417515
0.053889234
0.07258182
0.07027429
0.100577265
0.8618029
0.20618963
0.2663183
0.32085145
0.36983132
0.8690742
0.7473416
0.68424255
0.69845843
0.20351149
0.20692064
0.8640232
0.1732587
0.10488794
0.07068359
0.06862413
0.108479366
0.10225002
0.16158925
0.8150298
0.11029614
0.07053365
0.07128275
0.09844595
0.8071214
0.8602267
0.10900416
0.069734596
0.059070464
0.05164334
0.055438757
0.05483805
0.054173302
0.05517405
0.052674457
0.049720608
0.046089992
0.047816526
0.04257218
0.061678153
0.07349743
0.19637908
0.94186294
0.9492195
0.9495192
0.9573975
0.9307892
0.06302342
0.04904932
0.039200306
0.039113875
0.052154545
0.09587878
0.9009423
0.1309184
0.096688196
0.15159327
0.8535598
0.105062045
0.06313222
0.07492543
0.066295296
0.083656095
0.065096185
0.060092907
0.062393732
0.061645713
0.06274231
0.06478084
0.075937234
0.06941929
0.08260952
0.07021924
0.07167275
0.12017124
0.14876586
0.1200709
0.15763302
0.9055602
0.16327524
0.06285798
0.049278535
0.052509435
0.07612828
0.10102115
0.097301506
0.8676915
0.92233264
0.4270149
0.925755
0.15281194
0.044469945
0.03365448
0.033501796
0.03383963
0.034260087
0.04264331
0.04279211
0.073041506
0.9450279
0.95303106
0.9637508
0.9300549
0.05703365
0.03559645
0.034613587
0.03642926
0.04094917
0.04699298
0.04794073
0.0475808
0.059286907
0.087767534
0.8618494
0.92486274
0.12061326
0.08221658
0.07571691
0.065216415
0.093109876
0.7537455
0.2052299
0.29029724
0.8297703
0.12463181
0.07008071
0.06505196
0.09458027
0.8425107
0.090118
0.0660428
0.048127923
0.05046957
0.0871748
0.937289
0.93830496
0.9245953
0.9528833
0.06836424
0.036575437
0.03277577
0.037676264
0.03992331
0.04062562
0.04267052
0.048978843
0.103321955
0.8522919
0.83488244
0.8397635
0.919902
0.85552675
0.12617896
0.1349847
0.06857641
0.0577826
0.087529294
0.08518938
0.19910602
0.8985998
0.8949034
0.92555577
0.92388165
0.88304615
0.8976439
0.91922957
0.8993275