0.84367895
0.8207753
0.7242241
0.6751763
0.7481684
0.8403947
0.82132727
0.5063952
0.48997265
0.64373535
0.81290483
0.8109763
0.3673131
0.29085943
0.46485507
0.28678772
0.3487643
0.2539279
0.24180345
0.31464064
0.2477631
0.26532975
0.2776815
0.25916135
0.33479893
0.6540688
0.69778514
0.843801
0.1905894
0.120430104
0.11392346
0.1176555
0.1321846
0.72469956
0.20245592
0.15412112
0.1017779
0.09915132
0.07728396
0.06566519
0.068359084
0.07832221
0.1297726
0.105342664
0.06979704
0.06276133
0.06949686
0.05561804
0.053900003
0.057312753
0.05695742
0.09834464
0.9212028
0.848976
0.85587
0.89433324
0.08103747
0.048559323
0.05082025
0.045420934
0.04987231
0.054148253
0.05960309
0.06933698
0.10371759
0.10326457
0.09936745
0.11032331
0.09415774
0.18331045
0.24991232
0.16980647
0.8186625
0.11194089
0.06518421
0.06604959
0.11664097
0.11818357
0.15428312
0.14372142
0.09491844
0.12378975
0.8506199
0.9108861
0.13580562
0.05133367
0.040631518
0.041622467
0.04451285
0.042408187
0.04355904
0.04631003
0.07262454
0.8775491
0.8651115
0.15641738
0.15511343
0.90777636
0.8879506
0.82325935
0.8529002
0.14025232
0.16433401
0.9157983
0.9444496
0.07582964
0.043440748
0.048428144
0.045922283
0.05797863
0.051010367
0.054841693
0.057925574
0.07252279
0.098302566
0.07015374
0.0885244
0.10597111
0.13405803
0.097520865
0.07870767
0.08938169
0.12304796
0.9028181
0.9028551
0.20350291
0.18535945
0.18220028
0.17134309
0.24841182
0.17816497
0.21229921
0.27859893
0.31651953
0.30856532
0.4298993
0.4496638
0.32225803
0.3372315
0.35493746
0.37215337
0.44310972
0.35857406
0.29133946
0.34830478
0.5974263
0.41246408
0.7928888
0.69599074
0.28350693
0.40875274
0.14656696
0.10785351
0.10795881
0.112689674
0.12788647
0.3914667
0.9144389
0.8410396
0.84382695
0.13468385
0.067430094
0.0494973
0.05123338
0.065715715
0.08012857
0.10555916
0.111560844
0.11643406
0.1257081
0.18498677
0.18251759
0.13432038
0.1116202
0.094891466
0.112127714
0.1545445
0.88108855
0.15150115
0.117502175
0.12644202
0.13780709
0.17489982
0.10845647
0.123169914
0.1359003
0.17494076
0.086201586
0.08025664
0.12095099
0.07319569
0.073955454
0.068544276
0.08876139
0.08770455
0.12007136
0.083750725
0.11113374
0.14121388
0.1912448
0.81865877
0.10721111
0.064749084
0.068370886
0.05366186
0.062068135
0.081741355
0.84912556
0.9370783
0.9003826
0.08219351
0.04393013
0.039693832
0.044257987
0.047957886
0.04713267
0.05106721
0.044276815
0.040582787
0.036966313
0.039926473
0.062213343
0.9257995
0.95767885
0.9480396
0.9251786
0.052790146
0.034002807
0.031822283
0.03993235
0.057831924
0.90490437
0.9472861
0.90977407
0.9478505
0.08217841
0.044672176
0.054372154
0.053635158
0.041671813
0.04537205
0.09023068
0.89252853
0.85038364
0.93041617
0.88133276
0.09861985
0.09544462
0.052299015
0.06391432
0.08386611
0.10134486
0.8201454
0.8282312
0.23893367
0.2622862
0.17832008
0.08268783
0.08925033
0.07062156
0.123840906
0.094562106
0.09293072
0.15372476
0.89494896
0.16063173
0.076709986
0.054897815
0.054640323
0.07992406
0.8601494
0.92944753
0.85811543
0.085305594
0.05371516
0.056173787
0.085232385
0.18094279
0.06265841
0.060041457
0.06518788
0.0686253
0.12222218
0.9236041
0.11549965
0.059105113
0.059970178
0.047993787
0.055470865
0.04611297
0.05404059
0.121449016
0.93320376
0.9211324
0.9561428
0.11363877
0.045038242
0.044676024
0.046804246
0.040884912
0.05258383
0.07592516
0.10394068
0.9188297
0.9279762
0.11226771
0.07479572
0.103547715
0.07989358
0.12410379
0.8873297
0.15271552
0.08022821
0.0750243
0.10721303
0.18693689
0.21166249
0.1270172
0.189425
0.38906708
0.8295861
0.9116404
0.9032477
0.76238364
0.35502535
0.14837039
0.18422359
0.7209046
0.12438047
0.09168474
0.086758375
0.07800558
0.08820082
0.12752862
0.24407972
0.14642636
0.14539406
0.1376117
0.15516497
0.24308221
0.2122458
0.09505812
0.087773524
0.07726189
0.05279058
0.054424196
0.07597602
0.09135461
0.83045685
0.14734569
0.13187246
0.85192394
0.9149833
0.1338677
0.16043758
0.1258164
0.8528342
0.82828605
0.7970055
0.85327405
0.11036379
0.101621635
0.121804446
0.8949353
0.91068625
0.15490082
0.15147771
0.7586506
0.29749158
0.8875824
0.14367844
0.060099356
0.05701756
0.08126858
0.061394334
0.058113433
0.084182136
0.121296264
0.21100962
0.23345211
0.17078623
0.7554404
0.13901983
0.120925985
0.19956699
0.19845311
0.27371296
0.18048336
0.26489785
0.14620462
0.1964983
0.2230749
0.19132628
0.45455545
0.42355642
0.18019818
0.12729241
0.16749208
0.093548834
0.09029253
0.15074931
0.14129478
0.15040697
0.8357403
0.83050025
0.91311336
0.9168448
0.19767606
0.28950348
0.15432562
0.08009895
0.073399924
0.10965511
0.07978403
0.09088752
0.0991663
0.1169218
0.13098139
0.3399309
0.22787894
0.45775875
0.40798894
0.20384203
0.16183768
0.20191693
0.20776077
0.28091753
0.8079157
0.707674
0.6703981
0.47311732
0.3034163
0.43156415
0.44316408
0.31734627
0.50769365
0.8037168
0.60040134
0.8474507
0.8560509
0.22976635
0.21873024
0.16197781
0.16344598
0.22356528
0.82717854
0.7768327
0.87494284
0.88118327
0.26750058
0.6987821
0.1366647
0.085644476
0.10979845
0.17696504
0.13907047
0.18854123
0.11927042
0.104012825
0.11771325
0.06896104
0.048534844
0.04280545
0.038478684
0.037172433
0.039407667
0.059893504
0.11832736
0.93914884
0.9461475
0.9132618
0.85447234
0.92114097
0.084880225
0.08435309
0.09139659
0.10719671
0.9211716
0.933127
0.08863112
0.046484396
0.041551545
0.058940828
0.9102085
0.92615056
0.9350629
0.95023006
0.9470536
0.9323487
0.0646385
0.054838397
0.056824975
0.11871008
0.88106596
0.09568219
0.078016765
0.08536341
0.10382684
0.9224577
0.9370229
0.8978796
0.15802924
0.09016009
0.07147694
0.044664
0.04691337
0.048258096
0.056137953
0.109094836
0.13669696
0.2329788
0.25845295
0.20777081
0.26949993
0.21084234
0.26353052
0.1883485
0.30732417
0.66721874
0.35262722
0.82865065
0.7207051
0.76017874
0.099370606
0.067700766
0.08650308
0.059931565
0.061593816
0.058260404
0.06601735
0.08286958
0.12320783
0.9185943
0.10824205
0.05211272
0.047808822
0.049750607
0.07601285
0.85843325
0.24254702
0.19713181
0.9154019
0.9264035
0.91387564
0.9282251
0.16656387
0.22912599
0.8902881
0.077629134
0.047727223
0.05933326
0.062552154
0.10230615
0.89645797
0.15506394
0.17293286
0.15805937
0.07747198
0.117032915
0.06646632
0.082807936
0.075022034
0.10285978
0.8054266
0.90599006
0.18213984
0.077276364
0.07003489
0.07141823
0.09665909
0.74831325
0.88041407
0.30145195
0.7779926
0.80462945
0.090941526
0.05393561
0.052824616
0.07572329
0.064560935
0.06576032
0.060409084
0.057339896
0.06044284
0.058482297
0.057421952
0.05997344
0.066092975
0.10164845
0.8714265
0.093273014
0.052936118
0.05221786
0.044304106
0.0830574
0.16645749
0.922556
0.93677527
0.9479723
0.9332449
0.92692673
0.9440942
0.91704655
0.060667586
0.039066616
0.03404357
0.03855623
0.04553861
0.08333021
0.9116656
0.8487767
0.100023255
0.067510664
0.09782049
0.11971727
0.8217947
0.11317492
0.10627436
0.062152747
0.05482966
0.08212629
0.0579612
0.08039912
0.115036026
0.8755141
0.23647416
0.21442637
0.8813289
0.8843935
0.38748768
0.76560587
0.87816167
0.10468042
0.075231686
0.076639175
0.10966589
0.33872193
0.8720721
0.7597765
0.77391464
0.9068731
0.9273603
0.9315146
0.24317552
0.062219232
0.040592518
0.0386577
0.037763786
0.039957475
0.06145739
0.053712957
0.08519386
0.9385654
0.9395013
0.95873135
0.91894716
0.0649625
0.0418558
0.042456623
0.04048641
0.0458015
0.05996835
0.0668564
0.07419363
0.12512518
0.84026504
0.13951863
0.11622759
0.07300137
0.06880433
0.06456318
0.04943228
0.050119434
0.06270405
0.101894185
0.93577456
0.9129462
0.10089002
0.057990663
0.05929372
0.091391586
0.86420935
0.08415363
0.05483241
0.042809237
0.045647018
0.07862728
0.9399849
0.94556004
0.9335812
0.95461035
0.06358924
0.03522921
0.03224512
0.036995932
0.040933214
0.044117454
0.04753725
0.05632806
0.11307833
0.86912143
0.88787365
0.12861171
0.11107704
0.05612452
0.058322556
0.08095917
0.059143465
0.052280147
0.06346732
0.057159524
0.0927889
0.15996967
0.15465598
0.9078738
0.92806715
0.935773
0.9254063
0.9281026
0.9262138