0.8446074
0.8305459
0.7454816
0.705474
0.7809854
0.86739004
0.86704665
0.7825552
0.77294546
0.840981
0.83132064
0.6127325
0.46612948
0.41633695
0.2580762
0.257487
0.3546856
0.5060553
0.3133602
0.39759752
0.53113526
0.26541802
0.29063252
0.26020792
0.33647653
0.62763387
0.31523517
0.44312963
0.19491242
0.16375118
0.140726
0.13929929
0.16662411
0.15114199
0.16464756
0.13493098
0.13122655
0.16054258
0.16189218
0.10309484
0.096144654
0.10736783
0.2008954
0.14307858
0.081681535
0.070891604
0.08458102
0.06190365
0.06465813
0.08416581
0.09560249
0.7829691
0.8863475
0.78790873
0.7946983
0.8100162
0.8658683
0.08813083
0.065576546
0.04352496
0.04637328
0.051700916
0.059301134
0.07080224
0.10209361
0.07450577
0.084093116
0.100148775
0.089529365
0.17342032
0.23743004
0.16622634
0.83386314
0.10953484
0.06288611
0.062360812
0.10228433
0.10860009
0.14455545
0.1208318
0.06484513
0.063202
0.06811375
0.09350988
0.8338237
0.15894899
0.15624355
0.87133384
0.08969255
0.04738655
0.042024776
0.042133614
0.06250136
0.8878624
0.88952947
0.88426965
0.9213079
0.95405525
0.91716397
0.056185093
0.037867196
0.04466949
0.050341915
0.092010655
0.844206
0.14140952
0.12732379
0.7209914
0.16527714
0.21024114
0.8276979
0.82184225
0.805835
0.8589726
0.1798139
0.0670605
0.078077786
0.09078483
0.12256061
0.080850594
0.06296766
0.07153202
0.10683319
0.9116127
0.91445154
0.14787349
0.12864552
0.12085311
0.10754324
0.17897731
0.1033457
0.12772082
0.19485493
0.7348001
0.19123766
0.24519694
0.19537872
0.09045283
0.08811108
0.09173834
0.09678696
0.13032006
0.07333201
0.04673949
0.05050534
0.055443875
0.11880163
0.9479638
0.9371187
0.9383157
0.123640805
0.048952796
0.056584265
0.045319423
0.052787695
0.07856951
0.13556227
0.13601251
0.079025075
0.068504654
0.09678709
0.13844104
0.13583957
0.7933286
0.11922796
0.08910882
0.09058244
0.09840576
0.117757775
0.80825496
0.11070857
0.08098838
0.0604858
0.055432763
0.05303274
0.061787527
0.110669374
0.90887684
0.1308507
0.09652213
0.12323119
0.8448495
0.083264
0.048982527
0.04447327
0.04478073
0.09853633
0.9244456
0.9401054
0.9544117
0.92866266
0.87701976
0.89808625
0.06871603
0.04404968
0.054491766
0.05614557
0.09404933
0.8565772
0.13986143
0.060068835
0.054007806
0.05840374
0.07165793
0.11056936
0.8260673
0.115120955
0.07960262
0.109484516
0.07924356
0.07374666
0.06513394
0.05941491
0.06863126
0.07306537
0.05984354
0.07324739
0.054406386
0.048210464
0.040556774
0.044613183
0.07171924
0.9236539
0.95324314
0.92730033
0.9123323
0.060961146
0.039459616
0.038997237
0.059235185
0.07234516
0.8836278
0.9346934
0.8767647
0.9353494
0.13521846
0.081524424
0.13193645
0.11769427
0.06252092
0.056325622
0.09360985
0.0705152
0.065197185
0.12133676
0.09470987
0.1487322
0.88899374
0.77009726
0.77824
0.14644226
0.07616381
0.08047132
0.090945095
0.10965527
0.93042475
0.9455525
0.9014658
0.077576295
0.04012524
0.03893147
0.039328862
0.041035995
0.04382429
0.051694326
0.045744315
0.039924975
0.041236136
0.06237492
0.90750206
0.9185944
0.9528295
0.88267696
0.8909048
0.062464472
0.040833127
0.045385968
0.067769974
0.07804037
0.10436737
0.82654846
0.10298418
0.06383276
0.07664177
0.076789305
0.123054065
0.8978521
0.13531815
0.11192765
0.076224424
0.08719134
0.18019211
0.86185926
0.11768208
0.11842744
0.07107822
0.048945315
0.059785873
0.082290664
0.13592249
0.9105926
0.895386
0.9071898
0.23608509
0.17849277
0.12749311
0.063838206
0.08586139
0.074442476
0.06798821
0.10004213
0.081577756
0.06536544
0.06462033
0.07433182
0.14399667
0.18287906
0.10439138
0.15857406
0.3125648
0.26796177
0.90381706
0.91135794
0.81290525
0.40329772
0.096999384
0.07467659
0.07488191
0.10349663
0.16634029
0.20655102
0.69595104
0.46072283
0.26875043
0.3628433
0.26642245
0.56653845
0.37389496
0.37035912
0.8447745
0.8889855
0.87196076
0.70237714
0.3834136
0.2822194
0.30288503
0.76039594
0.19820091
0.15588254
0.15210615
0.18944865
0.2455745
0.8503996
0.79106855
0.89352703
0.79533243
0.10745206
0.063286915
0.067413114
0.057263125
0.059073314
0.08445993
0.11752462
0.9206608
0.9380202
0.1848053
0.1488117
0.07263782
0.0954507
0.09535115
0.062203605
0.042846516
0.04123082
0.043001577
0.038022462
0.03970969
0.06548109
0.92368346
0.95474726
0.95883185
0.91753083
0.07477446
0.069612496
0.1082082
0.8974246
0.10245359
0.049456954
0.049144242
0.069857575
0.0737609
0.08581573
0.10601688
0.14818622
0.25979206
0.9040581
0.13931993
0.09139346
0.11796007
0.119891755
0.80464953
0.1425781
0.07548199
0.057239164
0.059956525
0.10886198
0.93857104
0.95050514
0.14654024
0.11182333
0.063619494
0.06136156
0.038199946
0.03858093
0.03538341
0.033709794
0.03393392
0.038072586
0.063186854
0.9437889
0.95702225
0.96685636
0.960948
0.059629735
0.03329093
0.032060105
0.035204984
0.042121347
0.052908085
0.054712903
0.0681606
0.09891123
0.09826565
0.13065442
0.12068273
0.066494174
0.088681296
0.16405103
0.23664819
0.9241756
0.92307687
0.12729657
0.11982477
0.09446102
0.11062681
0.7639698
0.8881217
0.828173
0.9047412
0.9020509
0.25147545
0.72606266
0.1190953
0.0722875
0.093127616
0.1448724
0.12361797
0.1615471
0.112146735
0.09957401
0.10796086
0.066898696
0.04811615
0.04289303
0.038579896
0.036994882
0.03875277
0.057359282
0.111356854
0.9392807
0.94664365
0.9155709
0.8618545
0.9238958
0.08165938
0.07945305
0.08617166
0.10306416
0.9217891
0.93354815
0.08698285
0.045977324
0.04119721
0.058767002
0.91262835
0.9293632
0.9377062
0.95185685
0.9454445
0.89873815
0.05563863
0.04855736
0.052540045
0.11028142
0.8850491
0.09680267
0.077620365
0.08489036
0.10411757
0.92446077
0.9387881
0.903121
0.1435101
0.07723905
0.043555852
0.040570073
0.045523923
0.04846153
0.055316266
0.09686871
0.119269475
0.18593366
0.19685926
0.16067472
0.19370778
0.15406589
0.18529734
0.13452594
0.21872205
0.72387344
0.3529558
0.85123295
0.766008
0.8091881
0.086548276
0.052079048
0.047527976
0.038133025
0.037231084
0.03922668
0.05239489
0.073743105
0.92005736
0.94793224
0.91655785
0.86244833
0.8857932
0.068321794
0.040190477
0.034870144
0.037307035
0.043189652
0.066402905
0.06194558
0.10277561
0.9183391
0.85032696
0.19913769
0.19768842
0.0665271
0.05705577
0.09045856
0.0835471
0.10968524
0.8965774
0.8431843
0.9213013
0.9235761
0.18706179
0.306775
0.08295035
0.06551974
0.06736986
0.07997838
0.12408973
0.36371228
0.18663041
0.1445855
0.10184799
0.092949726
0.14169809
0.12039531
0.18680432
0.7810869
0.10992977
0.07212815
0.073092096
0.09893577
0.8036726
0.84849215
0.11136526
0.07240427
0.06182259
0.05240988
0.056489855
0.055296276
0.054253664
0.05545408
0.052892484
0.04985806
0.04629361
0.0491556
0.043839388
0.06653219
0.07857723
0.22837749
0.941576
0.94712377
0.9448972
0.95509684
0.9250711
0.06796185
0.05578048
0.04310523
0.040668167
0.054708388
0.0970097
0.8975858
0.13326034
0.09852105
0.1557254
0.84479654
0.108660325
0.06640774
0.08494993
0.071207434
0.09541026
0.068027884
0.059972346
0.062276073
0.06050617
0.061109155
0.06277396
0.074916914
0.066939056
0.07951278
0.06490004
0.06818458
0.14332777
0.22658722
0.82872105
0.7931338
0.88360476
0.24626051
0.15184541
0.15841784
0.7439531
0.8926521
0.89301586
0.7429231
0.72921705
0.86213624
0.79708517
0.2398445
0.16641761
0.05996792
0.04111503
0.040552497
0.03960159
0.041260142
0.059896052
0.05285891
0.08420178
0.94071764
0.9438423
0.96077895
0.92437357
0.063356265
0.040649187
0.041297786
0.04083166
0.046912752
0.06030444
0.064760506
0.06557676
0.088879816
0.108514875
0.09525578
0.111614004
0.08010948
0.07689494
0.07118578
0.052471213
0.05245594
0.064987116
0.10301036
0.9347012
0.9075832
0.102268875
0.058716916
0.059621405
0.09149753
0.8634227
0.08441979
0.055202305
0.04290624
0.045639366
0.0785286
0.93995166
0.94648635
0.9359912
0.95507044
0.06311201
0.034999434
0.03201766
0.03666012
0.04052338
0.043511666
0.04681871
0.055545427
0.11335353
0.87107235
0.885443
0.12557456
0.106785856
0.053201143
0.055685624
0.07775362
0.0576895
0.052811112
0.081116274
0.095440164
0.85841966
0.9169336
0.9077738
0.92852163
0.92684287
0.89927363
0.91067934
0.92520213
0.9055086