0.9258835
0.88534886
0.09669271
0.056053575
0.04889476
0.07428621
0.06819021
0.09770424
0.08550525
0.07652604
0.056940053
0.056521636
0.07747906
0.069712035
0.04521442
0.039021347
0.03808801
0.047081713
0.09015831
0.9369494
0.95377225
0.965638
0.95053273
0.068198815
0.041874632
0.029878357
0.030806938
0.032919146
0.03937335
0.054252017
0.09478101
0.92949957
0.93884456
0.09805256
0.066263884
0.04451774
0.040090956
0.059359122
0.16147366
0.94461477
0.9562576
0.9551132
0.25302452
0.09516996
0.04753402
0.04207679
0.057788495
0.07520996
0.79078865
0.81150097
0.81169724
0.8446461
0.9204544
0.9239596
0.8634665
0.92310774
0.92855316
0.8623627
0.06257321
0.044173855
0.06058554
0.05685278
0.034736667
0.03369194
0.04621613
0.09305913
0.9314919
0.9456233
0.96097165
0.95671225
0.097910926
0.059826415
0.034960397
0.034541186
0.04041301
0.051762808
0.07028632
0.08101997
0.83579516
0.8933491
0.9295027
0.9035336
0.8575488
0.81259704
0.80277085
0.8304387
0.8754456
0.9203028
0.8994163
0.9182444
0.85256755
0.09331841
0.080583796
0.13911837
0.122824974
0.13344383
0.13774112
0.12769163
0.177384
0.19047967
0.7277731
0.72486734
0.71185154
0.2629049
0.27526975
0.16379234
0.25873345
0.36315578
0.81491566
0.8185029
0.8443559
0.08432274
0.045225
0.041037627
0.05076834
0.0817177
0.102628276
0.85486263
0.15008292
0.14754839
0.913314
0.9424392
0.9268794
0.9260601
0.15206578
0.17893128
0.8814995
0.17145287
0.08449695
0.08394295
0.05899482
0.06777013
0.11994262
0.8223064
0.78556985
0.20317087
0.1642369
0.13971107
0.18223263
0.3764908
0.8310987
0.90606
0.89111024
0.9160233
0.9076268
0.77771276
0.38297766
0.37879732
0.31491047
0.18601584
0.19796471
0.21922666
0.327552
0.4677243
0.8259245
0.8554818
0.85049444
0.83394015
0.804431
0.7879573
0.82814395
0.06908499
0.045294683
0.035369206
0.032906853
0.03622886
0.061809782
0.90780514
0.926688
0.94972944
0.95958275
0.92097855
0.05187965
0.032978542
0.0311088
0.034015562
0.06335654
0.08594663
0.8892106
0.9365761
0.94170254
0.8671331
0.82376134
0.18774752
0.1534116
0.16829263
0.09905781
0.08869634
0.13466282
0.18842974
0.22756723
0.67215633
0.67248
0.4585127
0.36704305
0.28035727
0.28183687
0.26154286
0.26359186
0.5674059
0.6037993
0.34823987
0.30103686
0.52908325
0.3181648
0.28753734
0.5138979
0.3373374
0.36753488
0.4118217
0.48535582
0.74393475
0.4113404
0.43615907
0.35325268
0.4390219
0.4894142
0.4777383
0.5892976
0.7721936
0.5303065
0.32503882
0.26397514
0.20280027
0.1970628
0.29148206
0.29293144
0.659989
0.37009236
0.17028053
0.16250482
0.6693889
0.12266998
0.10469839
0.08855838
0.10173882
0.19172084
0.25838268
0.77913654
0.17925535
0.095423445
0.07984398
0.117142186
0.15657294
0.11337638
0.07232124
0.07434422
0.07859581
0.15464446
0.19986916
0.722924
0.7416726
0.15147677
0.14131398
0.6989004
0.7639969
0.09901433
0.07252764
0.062468614
0.09539325
0.791476
0.815502
0.87010777
0.11279285
0.057459097
0.05905174
0.086437106
0.79753387
0.11771994
0.09209713
0.13436873
0.86831796
0.0869013
0.0497988
0.04250341
0.045320712
0.07030715
0.9016358
0.92992914
0.95482886
0.07631908
0.04249702
0.045203898
0.05937385
0.08653876
0.8463943
0.12220107
0.08528637
0.124572076
0.85779244
0.84588367
0.088033
0.05666007
0.062434915
0.098369405
0.8690439
0.8528796
0.86087835
0.85181475
0.87108374
0.18004473
0.09370543
0.13837148
0.12078799
0.7720006
0.1061744
0.08508398
0.082640834
0.08166045
0.06931211
0.06641022
0.09570397
0.7534451
0.16985175
0.19248216
0.2791673
0.8069954
0.12983942
0.07229164
0.07727308
0.105710745
0.12845737
0.09958998
0.11120194
0.26399446
0.2866429
0.74705106
0.67984813
0.22038966
0.20752466
0.27034026
0.6684853
0.42242378
0.3079516
0.28901422
0.24329816
0.39689228
0.46419948
0.43575236
0.6701499
0.6693093
0.3703584
0.25532183
0.36673486
0.55619866
0.8619494
0.84391475
0.86082095
0.9087589
0.9073932
0.8479173
0.8470906
0.31598106
0.2288246
0.17911701
0.29826277
0.7394676
0.74562037
0.7641121
0.808953
0.91539156
0.92206943
0.8462196
0.076670244
0.055591993
0.04160455
0.0361866
0.04275226
0.10909588
0.9178193
0.919283
0.9147027
0.8986152
0.94797117
0.09779323
0.043741018
0.0379179
0.040578034
0.06444464
0.056238867
0.083865345
0.13365546
0.108381435
0.101213045
0.07266939
0.107126676
0.15645443
0.89684457
0.7753516
0.7420416
0.34867632
0.19843593
0.28696194
0.20247655
0.61385155
0.22397596
0.21746315
0.65533924
0.66592085
0.23019242
0.24888012
0.32276243
0.23929515
0.45749608
0.89400804
0.8977882
0.19537497
0.18659315
0.1946896
0.87498
0.8967115
0.28736913
0.74288666
0.7994515
0.09594745
0.0776699
0.10075795
0.10042344
0.060673237
0.04434476
0.043563742
0.04416805
0.055122446
0.08477565
0.8802655
0.8737066
0.11351661
0.09066126
0.11523612
0.88698274
0.1283537
0.07220478
0.085606426
0.8929786
0.930018
0.9229214
0.90531516
0.89104354
0.06042088
0.038508452
0.04167046
0.042380303
0.05733196
0.057908412
0.054005183
0.061267387
0.06536421
0.06648977
0.10320987
0.8469082
0.19754314
0.11271855
0.093432404
0.08187986
0.095466785
0.7105881
0.26503563
0.7900597
0.8686976
0.23820154
0.33197984
0.2543357
0.7505617
0.8666039
0.2906428
0.18422431
0.23771447
0.30291533
0.22648439
0.25401753
0.35985276
0.27689648
0.5516631
0.53896576
0.34580907
0.2949485
0.3236572
0.34648857
0.74730366
0.42523545
0.5258587
0.64505684
0.40555605
0.5126611
0.52895117
0.6290656
0.2656192
0.30665487
0.16439667
0.1486235
0.19451284
0.20873597
0.7009984
0.75210166
0.83012754
0.9115964
0.8968019
0.5810188
0.40741953
0.8742636
0.9208793
0.91860086
0.15149096
0.077929705
0.11959029
0.08479673
0.1250306
0.7849761
0.8144237
0.11724313
0.059830897
0.04808233
0.059919097
0.077234276
0.05576057
0.08898658
0.11468373
0.89432305
0.93953794
0.095859386
0.06490866
0.08639822
0.1267664
0.8862784
0.07921959
0.042857744
0.038558945
0.039199613
0.04530382
0.059379246
0.9056463
0.92672366
0.9396244
0.92895913
0.92008305
0.92597973
0.91544163
0.93308765
0.94177973
0.94314224
0.90361387
0.8878771
0.047451
0.031239856
0.030177763
0.036198612
0.038964354
0.04090707
0.044859223
0.04929056
0.048936922
0.07689961
0.8679524
0.9228601
0.8560376
0.8435815
0.09594385
0.0702058
0.060109485
0.08127311
0.11998827
0.07505209
0.066060275
0.09838921
0.073004775
0.07301596
0.090931274
0.09591636
0.16215086
0.08834121
0.11635848
0.09040843
0.1491965
0.09449324
0.09477959
0.12974516
0.1632717
0.19361913
0.2150153
0.21182872
0.7034026
0.23105794
0.17546326
0.16487283
0.35110456
0.3976414
0.6272265
0.7496416
0.8688422
0.19758199
0.17129503
0.09247922
0.07192339
0.06439798
0.098507725
0.20669803
0.16252165
0.8781174
0.14874014
0.11753425
0.17864592
0.8295628
0.11115172
0.06329761
0.054000884
0.07692344
0.90851504
0.926051
0.9160161
0.90994585
0.91899174
0.9087396
0.9164843
0.9168027
0.91082734
0.88945806
0.8904361
0.9124892
0.9191079
0.91609013
0.89304066
0.90547377
0.87622315
0.87712854
0.3504714
0.831668
0.116944216
0.10592461
0.2043468
0.76251537
0.20571214
0.13542989
0.15318854
0.83549744
0.18828067
0.20091547
0.26210788
0.13758548
0.111041434
0.16165273
0.10042668
0.11054895
0.10931568
0.24565904
0.8694295
0.92920345
0.9311793
0.86848974
0.8880673
0.22032245
0.13853906
0.109630466
0.10862804
0.20552039
0.7514817
0.7194281
0.26981044
0.25156546
0.6965442
0.6827579
0.25785568
0.28361472
0.3554979
0.23299481
0.34723628
0.34672478
0.83522666
0.9224801
0.92545825