0.85904384
0.7685312
0.27391103
0.20900789
0.22221255
0.20102113
0.29226384
0.23483607
0.26294824
0.8587171
0.88154733
0.72051233
0.14194758
0.11970009
0.120597094
0.779235
0.89637464
0.81745726
0.8119564
0.91927534
0.095641404
0.057116244
0.07228944
0.076122984
0.10927812
0.13944326
0.11890057
0.22603014
0.12782486
0.12528533
0.1910546
0.18578589
0.18265775
0.18911469
0.22106615
0.21872282
0.23216836
0.29143023
0.6094997
0.60394233
0.28257424
0.25919154
0.38145557
0.31025076
0.23541793
0.2374462
0.63713115
0.68333566
0.6923721
0.70985323
0.14974402
0.12178962
0.18337545
0.119265005
0.08748596
0.1151368
0.10071578
0.10022455
0.14721519
0.07125164
0.06987175
0.072193496
0.08956013
0.8638662
0.9147366
0.850146
0.817804
0.8309847
0.87385786
0.92526776
0.92333794
0.8370257
0.77784854
0.09504697
0.0763862
0.1079432
0.89220834
0.8997367
0.93548167
0.9315883
0.11138918
0.09852028
0.09972488
0.07406859
0.12737109
0.08584704
0.07269437
0.0997059
0.14226636
0.17495151
0.8646246
0.75031275
0.72406155
0.12743059
0.106207095
0.11808283
0.77275294
0.17618684
0.077512674
0.060748897
0.05956819
0.06561264
0.1130965
0.89476174
0.11226437
0.065288514
0.059268318
0.07631778
0.86074126
0.9328386
0.87817454
0.09717157
0.06784565
0.09020027
0.9013641
0.902712
0.8927765
0.90793437
0.93790656
0.8759223
0.07542111
0.06973193
0.09767866
0.88077265
0.14047146
0.06284302
0.05544665
0.08641798
0.8822291
0.91775256
0.14246796
0.13128302
0.7743105
0.17749277
0.17797492
0.8967818
0.9071125
0.18648782
0.20652324
0.8571615
0.90825915
0.9302331
0.8961086
0.8523352
0.84132785
0.14477938
0.14755924
0.8602286
0.8285288
0.16156417
0.22901668
0.78838855
0.78935444
0.15839766
0.15912381
0.8002155
0.9242133
0.22100534
0.07380662
0.05120639
0.06421029
0.0625119
0.059897263
0.07053841
0.104740925
0.8276122
0.18219574
0.10759682
0.076305345
0.07727437
0.09358958
0.17908351
0.8081878
0.17179337
0.10981256
0.10736096
0.13198695
0.34027952
0.25906792
0.71155095
0.6721895
0.30362543
0.23078938
0.2575368
0.685366
0.7108782
0.49698925
0.18816
0.17740354
0.324917
0.15793657
0.15110071
0.1691786
0.28347668
0.7315147
0.83972025
0.72962356
0.6984463
0.745348
0.8410823
0.71199685
0.67053753
0.70809597
0.08883855
0.06888341
0.073166564
0.080621555
0.11206152
0.9005125
0.8559914
0.105340004
0.053752087
0.043027595
0.04868214
0.053715188
0.0548348
0.10848795
0.90273917
0.8347312
0.8493901
0.10708732
0.07825026
0.13650711
0.9140844
0.9186561
0.8944962
0.8622456
0.8408461
0.8669996
0.13951068
0.07955441
0.10646503
0.9058121
0.89813143
0.93744034
0.12553844
0.075078174
0.11761031
0.108556844
0.06563334
0.06291051
0.10643783
0.09086412
0.089294404
0.17024079
0.12755866
0.17409474
0.38695803
0.26866654
0.36307254
0.4507264
0.7105077
0.753864
0.76388615
0.7647687
0.8211538
0.6680974
0.5055973
0.7372037
0.5873942
0.2556612
0.23505734
0.22486675
0.24852799
0.40597457
0.33959165
0.27032295
0.22857454
0.22896682
0.2469947
0.5311495
0.41383004
0.27604678
0.25854364
0.274368
0.57650626
0.6776942
0.7860119
0.62423354
0.36080948
0.3614386
0.4967844
0.29905054
0.3701206
0.27336875
0.26376897
0.34252313
0.2885162
0.49932358
0.53304136
0.3766449
0.70877707
0.37625986
0.36420485
0.73044175
0.3850724
0.25900078
0.27996698
0.26990506
0.22206393
0.27132457
0.32450864
0.6599357
0.8113194
0.45862398
0.235359
0.22849794
0.781644
0.16881537
0.16309196
0.22824067
0.63901985
0.25243542
0.6270388
0.31934878
0.85662943
0.8901649
0.79594475
0.80087817
0.8781075
0.8298807
0.89417577
0.91328174
0.1617574
0.1787084
0.80756575
0.06969041
0.041918073
0.039834447
0.041845724
0.044046834
0.045955535
0.055042095
0.10182605
0.9117502
0.104101956
0.060779564
0.05914428
0.09218758
0.9276142
0.92996925
0.104907595
0.082555175
0.10358127
0.8992249
0.9274664
0.94812834
0.90157604
0.06722168
0.058563035
0.07822026
0.8326165
0.9267797
0.08955833
0.06876941
0.059962057
0.08297492
0.79147595
0.09651498
0.061113697
0.05857368
0.091543585
0.8965302
0.9291039
0.93537825
0.09010939
0.05972035
0.065223075
0.09869702
0.85646737
0.26666564
0.18690597
0.80944836
0.87748307
0.792162
0.7425208
0.7648115
0.8187895
0.89108944
0.88516206
0.7608509
0.28208596
0.67469865
0.28816393
0.7907954
0.26122442
0.16512714
0.2022724
0.77902657
0.23555912
0.29686156
0.38536888
0.7562989
0.84251267
0.40040386
0.17328492
0.16470425
0.23630877
0.17464907
0.19501513
0.35666126
0.6421481
0.23364772
0.2209658
0.28922057
0.85039693
0.8558377
0.53802466
0.81793267
0.31408837
0.14659698
0.13772756
0.1864763
0.1849121
0.55246073
0.23565434
0.23888727
0.6770801
0.8464552
0.7908621
0.8817922
0.8854548
0.15713426
0.11292283
0.14173403
0.1439339
0.72572786
0.85765654
0.23359528
0.23893832
0.4176562
0.8714246
0.929535
0.9288095
0.83693415
0.3311203
0.35686865
0.31362242
0.87561107
0.88849264
0.19891529
0.24038658
0.18519625
0.19786917
0.72328836
0.86957675
0.82634985
0.8895419
0.87272626
0.24312091
0.20378317
0.24786307
0.26812446
0.78029245
0.904123
0.8835112
0.90815455
0.8192529
0.18107957
0.24453712
0.15889779
0.115546644
0.11228181
0.092767484
0.09718899
0.17131743
0.88176686
0.8879822
0.9218121
0.9144398
0.8351659
0.815103
0.86962366
0.8694605
0.90534145
0.91225225
0.8939685
0.90834385
0.89187634
0.12389938
0.11150258
0.1351791
0.17841661
0.84454936
0.81589895
0.75597495
0.6035272
0.49147737
0.37859213
0.63063836
0.70749855
0.77189374
0.87797165
0.8588798
0.3225713
0.3509636
0.446036
0.7600756
0.87854844
0.86955917
0.37475303
0.3840394
0.25641683
0.15615511
0.12975001
0.13517457
0.14380021
0.18288058
0.8519391
0.8297781
0.9123317
0.90948594
0.7924372
0.86293596
0.21848407
0.13381825
0.15555693
0.8294026
0.20167749
0.20128857
0.87278306
0.096850574
0.058583807
0.05101006
0.050668024
0.07451606
0.070301875
0.08892952
0.7912368
0.17544858
0.14804758
0.81366664
0.9413048
0.09164509
0.042458434
0.037147645
0.035681788
0.034673963
0.032766655
0.03351336
0.03848107
0.0795303
0.92046976
0.92920387
0.9398679
0.9277855
0.920211
0.9227073
0.89772075
0.88976485
0.9025454
0.875545
0.8704649
0.9025651
0.9020825
0.91777575
0.9207411
0.9091257
0.914329
0.88455385
0.86057216
0.8577914
0.86375517
0.86864084
0.9270717
0.10579878
0.04349464
0.042629626
0.04839691
0.074396595
0.8394447
0.91421515
0.105921455
0.07052011
0.07337324
0.0960502
0.77882177
0.7915109
0.17457518
0.1825436
0.7911412
0.12057241
0.070728555
0.08663466
0.07692721
0.0690996
0.09930595
0.09069894
0.07127691
0.070142046
0.08193362
0.13771898
0.459538
0.81578344
0.9127303
0.9139578
0.75757796
0.29614276
0.39633578
0.3184262
0.7612733
0.87304306
0.7521936
0.68611807
0.695504
0.15030393
0.17717578
0.12818111
0.1412332
0.88505274
0.83429843
0.094537854
0.06094289
0.08162546
0.05991636
0.07080052
0.050601672
0.04435155
0.043673173
0.046781294
0.07135541
0.833919
0.16321738
0.15152027
0.9088954
0.9014541
0.90447086
0.9435098
0.93196565
0.13357598
0.14641786
0.85917294
0.06860178
0.043697238
0.0409699
0.06385324
0.91399145
0.9307163
0.91330343
0.8981113
0.9248328
0.90587556
0.9270619
0.909879
0.21831597
0.7569693
0.07913451
0.070354074
0.09727531
0.8480273
0.16684152
0.16803095
0.8561708
0.18278599
0.23993807
0.8063044
0.09717175
0.05979911
0.061788194
0.062125236
0.067613035
0.1149278
0.814975
0.12633881
0.113756426
0.10859655
0.14549601
0.8637626
0.16261895
0.1378316
0.12338522
0.084803954
0.09973118
0.15300135
0.21580966
0.8592658
0.7595309
0.729449
0.73754907
0.72763205
0.7368053
0.14137484
0.08676172
0.08175044
0.106534585
0.15475723
0.7049803
0.52762043
0.46308646
0.3660667
0.8342762
0.1878694
0.12186281
0.10926857
0.14866349
0.12594342
0.12418126
0.13750789
0.14404356
0.30702272
0.26463547
0.23865545
0.28501266
0.7849351
0.3166999
0.3539356
0.7771052
0.6474911
0.29281428
0.38482302
0.70546097
0.7719568
0.8417928
0.7385733
0.54443836
0.43952435
0.30062097
0.40495598
0.81274337
0.8870984