0.8439455
0.8288325
0.74236894
0.70116633
0.7781014
0.86667234
0.8672076
0.7838786
0.7791507
0.8518599
0.84381646
0.58579504
0.30796474
0.27585673
0.3164279
0.48918968
0.42615375
0.3127389
0.32113647
0.6989721
0.37325236
0.5250743
0.38349104
0.3274919
0.5589446
0.39856586
0.29402623
0.39292622
0.21725424
0.18333155
0.18917206
0.20456137
0.57252455
0.65823483
0.6922834
0.18264481
0.12826121
0.12612882
0.091288544
0.07068768
0.072430365
0.08849785
0.20018807
0.22816329
0.8148224
0.78661036
0.7876742
0.8092532
0.10245766
0.084319316
0.08286301
0.11729691
0.86126596
0.18165152
0.15620524
0.6910503
0.13784848
0.11416161
0.16232882
0.12997411
0.7432808
0.12887312
0.09845807
0.13485387
0.86885077
0.28960112
0.8103322
0.11364685
0.07629043
0.101566404
0.10826487
0.09334054
0.83888
0.82278943
0.8301399
0.8939534
0.94538265
0.93798393
0.9486109
0.9444249
0.06986204
0.050964702
0.05070221
0.042778417
0.064784005
0.054166086
0.053428292
0.063202225
0.078152925
0.082378775
0.094378985
0.07275787
0.070454195
0.082545616
0.094446786
0.115221694
0.8247274
0.2026726
0.08980891
0.06856795
0.06591959
0.06984366
0.118021406
0.89404804
0.11536096
0.06787277
0.061802015
0.07893455
0.86490935
0.9316068
0.8706231
0.09947066
0.06997569
0.093124405
0.9004967
0.89992493
0.8886362
0.9048315
0.9363079
0.8712509
0.07757644
0.071761265
0.09920066
0.8805412
0.14486454
0.063937314
0.05611702
0.087319866
0.88080084
0.9172876
0.14282496
0.13142619
0.7730473
0.17857505
0.17882538
0.8966211
0.9069356
0.18740319
0.20774478
0.85671663
0.90782875
0.9299476
0.89539284
0.85155535
0.84077644
0.14560185
0.14809778
0.85991204
0.8280178
0.1622236
0.23025282
0.787771
0.7884899
0.15890434
0.15955435
0.79930466
0.92351407
0.22221743
0.07449361
0.05160669
0.064878225
0.06310168
0.060242534
0.070832424
0.1045615
0.8235701
0.18170634
0.10782164
0.076082215
0.07517561
0.08802611
0.1590917
0.76973474
0.21205567
0.17669529
0.2215823
0.8508889
0.53709894
0.15281199
0.10866454
0.10189916
0.14155951
0.12980726
0.14351955
0.2035735
0.23598705
0.5324877
0.7334431
0.26758575
0.43614733
0.15902466
0.13944715
0.14864781
0.23628251
0.6879317
0.42999873
0.20773679
0.21139924
0.38850284
0.8617843
0.78476226
0.11093641
0.06525857
0.04930755
0.053136025
0.061460093
0.071168356
0.10773344
0.9161942
0.8779585
0.100175165
0.05094876
0.04131055
0.0453826
0.050793044
0.052632697
0.108994536
0.9160271
0.85435635
0.86207217
0.104575485
0.07790921
0.13904224
0.91384447
0.91557777
0.88512653
0.8534542
0.83247364
0.8662293
0.15102625
0.08184415
0.106740616
0.9037518
0.887066
0.9364534
0.12524268
0.07479777
0.121933214
0.10972253
0.059799522
0.054880492
0.08847662
0.07036534
0.06607172
0.11913343
0.1000932
0.16090034
0.8559822
0.3091649
0.41395023
0.7589333
0.7458385
0.7570781
0.7600705
0.7617538
0.8278813
0.6634485
0.4799901
0.7816523
0.66585505
0.1823608
0.15857667
0.14083114
0.15954801
0.34505457
0.2423149
0.16304073
0.11564913
0.11851886
0.13921073
0.7133932
0.2574677
0.12781583
0.11069204
0.1289026
0.719919
0.7577689
0.9027705
0.1333074
0.11036852
0.133324
0.7498416
0.2988132
0.9004155
0.0969622
0.052001696
0.05316534
0.043778166
0.047997158
0.042436346
0.04936973
0.10056256
0.93403184
0.941743
0.9591435
0.09562062
0.04237274
0.043848056
0.046225455
0.04240918
0.06169648
0.0945172
0.122709684
0.9105873
0.90087
0.3341227
0.7055412
0.2855186
0.1742078
0.21541148
0.794381
0.2546757
0.23187928
0.25100625
0.7466861
0.89595395
0.9086883
0.85600877
0.84994215
0.87959
0.8631153
0.89133126
0.88884246
0.83033377
0.8503127
0.69554305
0.18082257
0.16394828
0.19218743
0.51045316
0.23621126
0.20619693
0.21906456
0.27271155
0.721565
0.33905736
0.29998147
0.34673154
0.3864361
0.7891634
0.8053731
0.40114608
0.36428162
0.3603879
0.30624065
0.53431016
0.412587
0.2364174
0.20157571
0.19348842
0.19543749
0.25780082
0.7642243
0.5043719
0.79309386
0.6800163
0.61070764
0.22114658
0.21189821
0.15804134
0.15036243
0.19217512
0.21172936
0.8285827
0.3550691
0.1538052
0.20855016
0.14841752
0.16383122
0.8844911
0.14415064
0.061814986
0.055841763
0.068867154
0.050755423
0.050897893
0.08807775
0.89350224
0.9441906
0.9467505
0.86367595
0.085657686
0.083286956
0.110336795
0.8561504
0.1490052
0.09696677
0.1177665
0.23557693
0.7711777
0.7889834
0.7903617
0.8020018
0.8798336
0.8718331
0.682771
0.5772809
0.29073936
0.15243328
0.13843876
0.19788769
0.17941715
0.18142293
0.7815888
0.83863163
0.9341242
0.93566185
0.14749597
0.1808618
0.10526433
0.060203824
0.057817966
0.080520175
0.08979277
0.08418255
0.09499146
0.109979
0.8122628
0.9119384
0.86712974
0.92825574
0.92760926
0.09390568
0.06106623
0.07372578
0.0871957
0.8195611
0.89629245
0.1631639
0.15467827
0.28036427
0.8945945
0.93792784
0.93725
0.87688226
0.21011752
0.2500441
0.20875898
0.8894451
0.9073723
0.11839896
0.12816134
0.100886665
0.1067442
0.7866305
0.90309954
0.86536825
0.9185695
0.9116312
0.10284663
0.08230183
0.094486766
0.10766851
0.8562883
0.932612
0.918432
0.93947214
0.88706875
0.087665804
0.10936804
0.063110165
0.04491912
0.03975269
0.036079936
0.041478783
0.07764931
0.9168531
0.9055163
0.93808913
0.9322786
0.8289017
0.78064585
0.8826002
0.110824294
0.12704004
0.1313596
0.13436249
0.9064594
0.91382277
0.12866639
0.11777238
0.7361261
0.24980702
0.88302493
0.9122456
0.9175274
0.9315642
0.9066716
0.24652945
0.75038326
0.17350289
0.1805789
0.88529897
0.90332806
0.104329385
0.103812285
0.11172476
0.12560599
0.89664346
0.9203322
0.8772252
0.9050908
0.81648487
0.77116436
0.0914949
0.080820195
0.085160255
0.11704706
0.87079215
0.85674256
0.91566265
0.91490453
0.8367059
0.86205816
0.77703226
0.7024326
0.7207482
0.8715157
0.17121781
0.18094099
0.8854472
0.0772134
0.04221302
0.03689112
0.035227638
0.04136379
0.043958478
0.06649073
0.9014893
0.8904569
0.91471034
0.8930542
0.94293594
0.07850585
0.048028756
0.05829755
0.08206937
0.79113144
0.10088708
0.07783728
0.109979264
0.8549036
0.1825491
0.18041739
0.86534345
0.80732536
0.8334368
0.9099946
0.81827116
0.8374646
0.12618871
0.055875335
0.046866465
0.07160709
0.10445337
0.92389125
0.92509776
0.13301198
0.15320477
0.114112124
0.83961475
0.8676347
0.8708055
0.89589363
0.93384385
0.8752122
0.85469896
0.073701896
0.057956293
0.07379454
0.8789354
0.9347431
0.8579712
0.88281465
0.08237476
0.06763769
0.092929564
0.79756176
0.85027695
0.09381568
0.061483502
0.05053343
0.048629925
0.05709682
0.056874257
0.053761985
0.06034682
0.053686816
0.045948185
0.047211714
0.06700313
0.85780984
0.91306007
0.88817453
0.9284707
0.92530745
0.8498259
0.8420706
0.89070237
0.84762883
0.83172953
0.8951656
0.10669789
0.07299539
0.10218733
0.10620337
0.16858037
0.74310607
0.20217974
0.29524723
0.17507492
0.18835826
0.7298594
0.5728841
0.43630117
0.85216177
0.19012736
0.101739906
0.10143001
0.08230693
0.08605662
0.09930704
0.16218907
0.17073196
0.3292275
0.23503186
0.26626977
0.8464312
0.8722099
0.15892689
0.1330282
0.20621902
0.14676821
0.69082
0.1757725
0.19249389
0.88558453
0.90475655
0.7888777
0.78738755
0.87660813
0.820859
0.9213342
0.16959237
0.05072466
0.04083938
0.04436249
0.07017129
0.85351783
0.15365078
0.08077628
0.10413045
0.9240062
0.93575305
0.9501532
0.90511775
0.079294495
0.0702471
0.10774729
0.83211005
0.082140684
0.055849694
0.04836833
0.047378436
0.057580493
0.068489976
0.11203339
0.8832839
0.14593795
0.12216031
0.12502985
0.12171641
0.81403804
0.7849275
0.81867236
0.889388
0.815037
0.10634084
0.08576105
0.080837205
0.106743224
0.7617003
0.72461826
0.13814571
0.12185266
0.13130201
0.18125562
0.8683915
0.8120069
0.8030905
0.8894294
0.15223704
0.09113756
0.08160811
0.11677346
0.10009892
0.10121951
0.114617564
0.12084396
0.29764435
0.24172825
0.2146008
0.2669157
0.8087138
0.4660819
0.40571213
0.7946852
0.66066384
0.293294
0.36840233
0.6765273
0.79310393
0.87448406
0.87544525
0.90659034
0.9181513
0.9195103
0.90907425
0.90840334
0.9022869