0.83170044
0.737211
0.36485732
0.3124435
0.36206883
0.5695101
0.7316778
0.41309088
0.39011756
0.7343994
0.51721936
0.25691223
0.20974274
0.19583873
0.19313677
0.23621437
0.731094
0.34394124
0.318822
0.7530984
0.21879858
0.16198204
0.18657275
0.16165438
0.19522886
0.24986658
0.24155937
0.8491991
0.79557246
0.1165709
0.077518314
0.06386859
0.06301536
0.06785769
0.07992173
0.07478599
0.07503285
0.08414107
0.076154746
0.071738996
0.08508003
0.13180137
0.89818704
0.17238887
0.07337672
0.058703028
0.066585734
0.06827262
0.09227772
0.74468046
0.16193736
0.17978865
0.9036973
0.10133763
0.051253103
0.04558834
0.043719597
0.044023544
0.04458693
0.037939336
0.036001105
0.037632238
0.053315796
0.89259255
0.9315282
0.9193766
0.91142046
0.9232236
0.9407893
0.94300145
0.93901944
0.8863117
0.8591399
0.060980164
0.048311643
0.06741741
0.910271
0.93642527
0.95526326
0.95016104
0.059909925
0.039282914
0.03806115
0.036999363
0.05032973
0.05580628
0.08682799
0.82895046
0.18229412
0.17021015
0.7836945
0.09961271
0.066722184
0.07753026
0.11432019
0.7929562
0.14013465
0.13927165
0.07834076
0.070256956
0.072350785
0.069726616
0.09344137
0.13454416
0.09215243
0.08630091
0.11077851
0.73154724
0.31349528
0.8861065
0.80876166
0.11555105
0.07687066
0.08040333
0.1573352
0.8301842
0.8530667
0.14217779
0.10305152
0.05322449
0.05257103
0.07595058
0.8550547
0.93753946
0.16442916
0.062817566
0.055115517
0.083143674
0.8899097
0.9209104
0.13792253
0.12872146
0.784184
0.16448137
0.16541684
0.8981083
0.9090369
0.1735557
0.18750742
0.86443144
0.91389394
0.9336422
0.90515536
0.8611356
0.84845334
0.13392147
0.14024074
0.8640071
0.8357833
0.15307043
0.21243738
0.79489267
0.7946468
0.1498057
0.14714323
0.79372746
0.9115648
0.20435578
0.088223666
0.08105534
0.12694053
0.8229439
0.79879886
0.09823409
0.06251456
0.06624554
0.094444886
0.1298543
0.80287236
0.76905406
0.7622086
0.19719957
0.123485826
0.12310654
0.14378403
0.73748803
0.36511374
0.8381153
0.16752209
0.115304865
0.11619431
0.18336312
0.1984907
0.7415945
0.7308846
0.73819315
0.51706105
0.18332617
0.17234072
0.33009735
0.1483558
0.13972208
0.15421142
0.24056166
0.30349237
0.81856376
0.71415776
0.68840086
0.73924667
0.82814133
0.68423015
0.62409055
0.6237901
0.13414867
0.11795856
0.12954034
0.13313419
0.15799537
0.87623614
0.82670504
0.13094382
0.07060457
0.055751987
0.07188053
0.0860536
0.07662402
0.17078955
0.875627
0.8538974
0.8386028
0.8489018
0.8725326
0.9029819
0.91698205
0.88820297
0.84547275
0.8187695
0.82272774
0.85966337
0.9041825
0.8918609
0.89548844
0.926187
0.9102089
0.92210746
0.14635365
0.081029065
0.13882932
0.1270517
0.07277614
0.06790513
0.1235137
0.103820965
0.102621496
0.22155167
0.17566039
0.23905534
0.820625
0.34170872
0.35151225
0.3381918
0.28260776
0.34997028
0.41663155
0.62721545
0.5549141
0.48085615
0.3084146
0.3105226
0.2786957
0.55876046
0.6186424
0.63542145
0.6615412
0.479748
0.2379303
0.13823752
0.0975358
0.095902115
0.12045506
0.76556027
0.8967667
0.92262185
0.11919744
0.085741565
0.0893674
0.15344544
0.9078698
0.1063545
0.061226137
0.05517221
0.045805287
0.04689588
0.05916288
0.046409853
0.04426081
0.05856695
0.07065917
0.8687029
0.8798494
0.90687174
0.94223607
0.92605466
0.9203449
0.9391539
0.89761555
0.055961214
0.046362743
0.048166692
0.04649372
0.0855027
0.8772365
0.8931487
0.94181705
0.9388416
0.09015184
0.06699468
0.10078515
0.07860419
0.119295545
0.86513305
0.12172809
0.096932545
0.08851994
0.122299895
0.8975857
0.91762125
0.9023725
0.89981276
0.9105697
0.89870155
0.91289264
0.91116333
0.885895
0.8937376
0.83022934
0.77858734
0.75507987
0.76607454
0.76028055
0.083656
0.058385752
0.062435966
0.10415644
0.8733746
0.11007613
0.071471155
0.07454579
0.10973288
0.92737913
0.94702446
0.090190604
0.05176218
0.041686557
0.0357276
0.036964264
0.039495815
0.035845008
0.038587365
0.05771229
0.8990951
0.9311501
0.9559779
0.9250395
0.9422492
0.06506321
0.043421477
0.048075307
0.081029564
0.84018576
0.8404799
0.11228774
0.07824417
0.11226282
0.14584005
0.12220162
0.7812851
0.80647254
0.13115813
0.15004763
0.13529143
0.12313637
0.79379547
0.1818879
0.09804773
0.08354282
0.14065771
0.86899185
0.9106076
0.9152619
0.11703251
0.07685053
0.07852877
0.08849793
0.23088363
0.2696887
0.73417056
0.24603039
0.32437763
0.1938955
0.26320094
0.35859448
0.7186584
0.5392924
0.38601056
0.19332221
0.18582955
0.30248588
0.25097
0.6723424
0.83335775
0.14858873
0.12357395
0.11747412
0.15521324
0.87946904
0.90887684
0.8587926
0.89102507
0.8081829
0.7376351
0.71875376
0.716743
0.76313543
0.076391526
0.049812958
0.04692887
0.068506606
0.9188291
0.9248802
0.950736
0.94270015
0.06747017
0.043072496
0.047153354
0.06721271
0.86709064
0.90899605
0.12825306
0.11450617
0.21759273
0.9047773
0.942164
0.94194555
0.8906002
0.1667913
0.2125989
0.16142176
0.891515
0.91200703
0.09550093
0.09595405
0.06705088
0.074489355
0.8304147
0.9112153
0.8912834
0.92956185
0.9211508
0.8016997
0.11438586
0.12801524
0.099073395
0.22356932
0.8868439
0.89238393
0.9105375
0.8497877
0.8363509
0.8833153
0.80931747
0.7716355
0.11072011
0.081624605
0.08387685
0.15332936
0.86691654
0.8520986
0.90867305
0.8987994
0.7846242
0.76786345
0.85040885
0.8455318
0.8939945
0.8801652
0.2851991
0.3490643
0.28909254
0.11608289
0.12083333
0.13689758
0.17724618
0.81571066
0.5196041
0.42507824
0.84307617
0.8529998
0.24144393
0.19567432
0.22494553
0.280624
0.8675625
0.90487444
0.85809344
0.82718307
0.82737404
0.85470766
0.90662795
0.91563445
0.8929176
0.9029239
0.8489336
0.7591255
0.11583
0.11158871
0.109516196
0.15949646
0.851231
0.82653606
0.90528697
0.9015077
0.7815133
0.8530862
0.2261905
0.1414764
0.16282469
0.82359093
0.20968594
0.20626369
0.8723283
0.10075691
0.06133872
0.053991616
0.05307571
0.07650369
0.06054524
0.05216822
0.05383072
0.06547115
0.09456305
0.85834867
0.9475757
0.10248396
0.045990113
0.03977482
0.036703102
0.03597282
0.033682067
0.03421551
0.039358612
0.08299712
0.9205416
0.9287035
0.9396059
0.9268027
0.9193701
0.9222634
0.8957673
0.887717
0.9014746
0.8731172
0.867817
0.90163845
0.9014558
0.9177854
0.9205451
0.9076651
0.9128697
0.88206303
0.8597498
0.85890895
0.8661542
0.87054676
0.9318551
0.11046795
0.04151561
0.036749333
0.037818257
0.03938758
0.054775205
0.11695712
0.83125895
0.81242245
0.19210528
0.17394458
0.77229834
0.80917346
0.10731056
0.07584764
0.0827529
0.073999375
0.06831155
0.10070359
0.095980175
0.08501136
0.124430366
0.10961066
0.08679573
0.08517879
0.098825276
0.16369833
0.4973775
0.8335522
0.90736693
0.904544
0.80471873
0.7876048
0.8475882
0.7959047
0.808761
0.86923647
0.7896497
0.1446422
0.15523134
0.17462398
0.8676906
0.84979504
0.84586245
0.90021265
0.832044
0.7974757
0.16612104
0.27617157
0.22789158
0.7940416
0.8305366
0.096050434
0.06541116
0.05332574
0.05592796
0.07392556
0.17354457
0.82488275
0.85591865
0.37507775
0.36474934
0.87396735
0.91537195
0.9015437
0.7266415
0.42092824
0.24171081
0.26621336
0.65798813
0.7716367
0.8814065
0.8796523
0.7497674
0.72857845
0.83487993
0.77230644
0.87538326
0.26025638
0.091879666
0.07909507
0.09531817
0.66326207
0.12962069
0.15966566
0.13640706
0.14666517
0.9202044
0.92315066
0.94602966
0.8854709
0.07452551
0.057660125
0.07806997
0.096076034
0.7839794
0.12641664
0.07659344
0.066613
0.09732878
0.12502466
0.819447
0.18059613
0.08250767
0.07081161
0.06425277
0.049477313
0.056652196
0.090364024
0.8713248
0.93194276
0.11030632
0.07969288
0.10392773
0.8221985
0.8762736
0.07721874
0.04076136
0.03505047
0.03312742
0.034158647
0.040633548
0.08741731
0.9377038
0.95259243
0.9642803
0.94136983
0.06601551
0.035509083
0.03486183
0.036587603
0.043648183
0.05833587
0.10998613
0.91949236
0.13804199
0.06789226
0.058787715
0.07284731
0.054380555
0.059052005
0.07808927
0.06275414
0.061406888
0.10801077
0.7857258
0.4442661
0.8873382
0.89370173
0.9203386
0.9212657
0.89936435
0.9156495
0.93261343
0.9236785