0.8516252
0.79869527
0.6382586
0.32467434
0.3440537
0.4447612
0.46393543
0.6828762
0.7592253
0.8678138
0.39527622
0.12667772
0.09962471
0.09488809
0.13298032
0.7910668
0.91507584
0.9133802
0.3978997
0.887769
0.18331969
0.06273356
0.07160317
0.083368324
0.077001184
0.08646809
0.1504853
0.93546504
0.9399976
0.9536055
0.9134598
0.06254921
0.052617956
0.043192312
0.057172313
0.08607288
0.07166248
0.0995348
0.11939509
0.7786151
0.7625799
0.76928043
0.37924564
0.2159859
0.13418287
0.1294658
0.18158033
0.23038854
0.24641281
0.32117686
0.47398308
0.44503406
0.7768625
0.60620856
0.44718558
0.40867332
0.36853442
0.5875819
0.7448552
0.39426494
0.2646327
0.24190582
0.26553792
0.25541076
0.34332064
0.2687651
0.2960693
0.60725224
0.6862059
0.819325
0.8114364
0.30399868
0.22858858
0.22027399
0.21475257
0.28357896
0.8041729
0.79284346
0.8564576
0.82496655
0.43847233
0.4135133
0.44926998
0.6424587
0.66797006
0.6719689
0.74528795
0.4686782
0.51064485
0.7897452
0.8011973
0.5508744
0.27185148
0.20571819
0.20148277
0.32362044
0.30926296
0.816615
0.8627461
0.18057665
0.150863
0.19103155
0.7507187
0.19908705
0.08579171
0.06698282
0.06590378
0.07846589
0.0796035
0.10631261
0.06833797
0.068368606
0.066834494
0.09018846
0.118222855
0.08061871
0.12285128
0.12669654
0.1612448
0.85877556
0.08930489
0.050520275
0.044221506
0.05634988
0.06992018
0.079367824
0.8718754
0.88067746
0.90973073
0.94442964
0.89114964
0.8586182
0.08737704
0.089520484
0.14190784
0.910197
0.9211401
0.10331911
0.097576454
0.13228713
0.8643514
0.93057317
0.12804693
0.09122244
0.066644065
0.059199966
0.08608804
0.17705014
0.85336024
0.9417274
0.2278206
0.053680126
0.039406836
0.038028743
0.04069919
0.054276586
0.15950736
0.94742125
0.917372
0.90815127
0.086043626
0.041453525
0.036211003
0.037006874
0.042518564
0.058575522
0.12071433
0.91430855
0.8045275
0.1434697
0.17280126
0.15185751
0.78825045
0.14145742
0.13547073
0.7757521
0.09237087
0.08301819
0.06675715
0.10724467
0.8908188
0.89804673
0.07702962
0.044747677
0.04090506
0.043962903
0.08837926
0.9166956
0.9313448
0.9487355
0.9091814
0.85822415
0.8839142
0.077567525
0.045440964
0.05958417
0.048591956
0.07168069
0.8748579
0.9333617
0.8683142
0.08409126
0.059516203
0.069200285
0.08940083
0.7379477
0.17790624
0.16557738
0.8544438
0.32163697
0.21924123
0.20966862
0.7803298
0.8043839
0.8077699
0.7976455
0.7989178
0.8146226
0.10444801
0.06494603
0.076874636
0.122646555
0.18605049
0.3443589
0.21875578
0.14372528
0.1476245
0.24401987
0.7003577
0.5143658
0.28839028
0.3109745
0.7840434
0.37661323
0.4605306
0.3886261
0.40496275
0.85246366
0.8853801
0.79288745
0.7861303
0.8718463
0.8553623
0.351088
0.39535776
0.37917987
0.40082136
0.7968836
0.77084804
0.7216311
0.66467845
0.4622473
0.41977227
0.42843395
0.46261716
0.5514953
0.57591385
0.56854385
0.5179562
0.30683646
0.28557968
0.23580776
0.21439113
0.23233339
0.3668659
0.317553
0.26651087
0.24058266
0.2623072
0.6093862
0.68635315
0.8158117
0.8117189
0.59252053
0.35634422
0.41597912
0.38620928
0.4303221
0.35601225
0.30379787
0.34393236
0.42600968
0.39448282
0.7990453
0.8263594
0.7270159
0.81007177
0.81434655
0.61257976
0.27513772
0.2657956
0.77488977
0.23661295
0.32237613
0.30263287
0.21192819
0.22365165
0.14735211
0.1205188
0.10556331
0.09640264
0.09271636
0.07832507
0.15620646
0.24069043
0.91160494
0.8162782
0.9257251
0.0734849
0.043094967
0.042811915
0.033461776
0.037158445
0.054957364
0.87982744
0.92825025
0.9343509
0.9047141
0.8952212
0.91539955
0.9018409
0.92301583
0.9333045
0.9395051
0.93529695
0.9026708
0.053995196
0.036035467
0.036975026
0.054480687
0.86813295
0.891579
0.9261751
0.12735613
0.1305453
0.17228752
0.8832275
0.9075825
0.91984576
0.94129646
0.93641573
0.8899416
0.08685131
0.074527204
0.07783971
0.8641432
0.9358062
0.9385085
0.8748946
0.065762
0.04914469
0.055344593
0.11599515
0.87890446
0.91800684
0.85433304
0.8133353
0.7951896
0.8004822
0.80186844
0.8140923
0.829864
0.8631931
0.9147628
0.9098956
0.11810365
0.09172735
0.1207278
0.7843821
0.8583823
0.23820706
0.15242775
0.19441299
0.8212491
0.701799
0.21763639
0.19511415
0.18222931
0.31182235
0.35760638
0.30687687
0.17214337
0.17038678
0.22275157
0.3296912
0.30658728
0.32224214
0.3740503
0.80816305
0.76069045
0.73149455
0.73253036
0.76595616
0.87455386
0.875511
0.7538779
0.79027504
0.146582
0.061632734
0.054584347
0.08065144
0.07345746
0.08512788
0.87536025
0.8868234
0.9443559
0.94593734
0.1055446
0.12648836
0.07243868
0.041608308
0.037313636
0.046146482
0.04841026
0.068802975
0.8687118
0.9131079
0.8870869
0.91903996
0.8918702
0.92645967
0.9264434
0.90174615
0.17037678
0.20613344
0.74076027
0.10867214
0.12756208
0.08312568
0.16613491
0.901874
0.9174256
0.9331763
0.92607737
0.87522244
0.8726631
0.91337633
0.8941478
0.90722334
0.26650426
0.11612807
0.10375137
0.0684818
0.078292124
0.11022584
0.8740789
0.839066
0.89708006
0.88846016
0.74935323
0.19476442
0.21352614
0.274904
0.25138697
0.31350276
0.29131576
0.37725884
0.34388077
0.32513294
0.7954771
0.672693
0.22261773
0.19764373
0.19053425
0.39223912
0.7654295
0.86268914
0.8610095
0.901269
0.9094915
0.8959341
0.85576534
0.8934709
0.9104675
0.9167371
0.91964144
0.9196815
0.9117202
0.8844318
0.20099944
0.10173531
0.10871435
0.11290617
0.2676897
0.43205872
0.8823073
0.9160314
0.9169119
0.88577396
0.7842598
0.7695506
0.81375086
0.87963045
0.86510766
0.30407643
0.22127986
0.22851074
0.24663173
0.3190414
0.34868997
0.28722396
0.52072203
0.7458039
0.8614614
0.14021471
0.11805372
0.136963
0.14514926
0.81755173
0.43149439
0.8839304
0.9209512
0.904667
0.9084228
0.8437062
0.79556865
0.7998164
0.8838989
0.10848105
0.086134695
0.14911595
0.09194668
0.13105528
0.7739695
0.8009172
0.14124776
0.06349557
0.06539251
0.0541335
0.06794066
0.09159513
0.8981013
0.93532676
0.88909495
0.8375401
0.85904
0.073441826
0.050470777
0.045709793
0.07720556
0.07410809
0.16121656
0.86581796
0.8855826
0.916429
0.8911273
0.8862023
0.89806753
0.8553759
0.85521924
0.90032434
0.90852445
0.8914141
0.91209096
0.9215383
0.92313147
0.9129318
0.85819155
0.8768954
0.1198885
0.12338149
0.09934159
0.11534967
0.33535627
0.8773709
0.7992419
0.74812484
0.74866945
0.13708058
0.093735814
0.115011595
0.20995815
0.13505942
0.16305976
0.21995385
0.7985661
0.22811097
0.19402343
0.23580942
0.68706584
0.6882474
0.6905541
0.67748255
0.29466406
0.2159698
0.24836926
0.26569504
0.3319708
0.20317736
0.21007456
0.44266468
0.75670403
0.81420755
0.55468893
0.55213803
0.56271684
0.56046283
0.7527774
0.8195368
0.29401988
0.309535
0.38197908
0.24235144
0.26342273
0.6892659
0.76315004
0.8454642
0.7480556
0.73450357
0.86345786
0.7839097
0.11029504
0.08505169
0.14533234
0.08342908
0.114328116
0.062211756
0.048449025
0.048887245
0.051818185
0.07757342
0.81473726
0.18563898
0.19477206
0.16769025
0.8627501
0.9073307
0.9523392
0.9551793
0.9430812
0.06262079
0.04907486
0.035652064
0.029274633
0.032514717
0.058097582
0.92085564
0.9324763
0.9217171
0.90757436
0.9259676
0.90956765
0.93561476
0.93326163
0.88287
0.08945612
0.10647918
0.7573202
0.077404305
0.070240155
0.061135873
0.055402696
0.096090905
0.12154707
0.19665213
0.84248227
0.10962307
0.06816842
0.07161838
0.07608963
0.11102326
0.15684082
0.8193089
0.12385376
0.10508827
0.08647085
0.091425836
0.12068301
0.07901875
0.0800068
0.076803096
0.06802808
0.05882778
0.07420221
0.12851264
0.93040997
0.83564
0.82420164
0.88153124
0.07206727
0.049453344
0.03505199
0.032065865
0.030777793
0.032703094
0.038804106
0.084762715
0.93574
0.9384245
0.9416832
0.9500968
0.91702557
0.20656021
0.13056703
0.7772807
0.07219904
0.055271484
0.063832834
0.109387875
0.9047476
0.13256583
0.06582
0.058091257
0.075936034
0.057307106
0.067805745
0.11863862
0.13980797
0.076375216
0.09892215
0.15471832
0.15599751
0.2153484
0.19278172
0.8959529
0.9233922
0.9337377
0.93265575
0.9354439
0.90998375