0.8404252
0.83459437
0.7665169
0.7414191
0.8057198
0.86239487
0.83916223
0.81018966
0.8390539
0.8939783
0.90300447
0.8793152
0.74086106
0.60698545
0.6107567
0.70491546
0.8240377
0.83735466
0.7417052
0.76967883
0.58474594
0.38068014
0.34373787
0.30343217
0.3379671
0.3730621
0.39473608
0.45909745
0.27212468
0.23600173
0.23679991
0.24261919
0.47526905
0.27687588
0.28379562
0.24655613
0.23785742
0.27195856
0.29307103
0.2620674
0.27367866
0.5756199
0.7486312
0.6377712
0.56325793
0.31221503
0.30457082
0.24408093
0.22849548
0.24902563
0.23018949
0.23942122
0.32454577
0.29112795
0.51710284
0.56640464
0.4867781
0.33426824
0.39388317
0.30740634
0.24212757
0.23030919
0.25813714
0.25476828
0.3332982
0.46284124
0.29534808
0.3189421
0.48112175
0.4297808
0.41229206
0.33006495
0.42132214
0.2442139
0.23047824
0.2626409
0.7284186
0.6558283
0.7534529
0.45047176
0.24585637
0.25126612
0.23009191
0.16343954
0.19034778
0.1362792
0.16000682
0.12915963
0.14297485
0.1315265
0.16524781
0.65015095
0.1537404
0.14855279
0.63016605
0.22492708
0.20746726
0.8486153
0.19840562
0.08258461
0.06955773
0.082407475
0.09461591
0.17541938
0.8745283
0.12379384
0.09082465
0.11853848
0.12842841
0.87340426
0.75368863
0.7599322
0.8232241
0.10277172
0.07674775
0.05253727
0.0763624
0.118765056
0.9281332
0.8389808
0.89404255
0.06987518
0.045110982
0.046518747
0.041535113
0.03407234
0.035968177
0.06034651
0.9171493
0.939362
0.9324368
0.9157902
0.90661967
0.9044643
0.91051614
0.94830966
0.0801215
0.035752073
0.033903573
0.039221447
0.048650343
0.06297759
0.06233658
0.06932434
0.061072893
0.057859495
0.0760918
0.13859047
0.87397695
0.13184634
0.13096541
0.11676319
0.8002588
0.0941632
0.0672404
0.08249552
0.22661525
0.93922025
0.9195964
0.8993119
0.12457124
0.11885426
0.069656394
0.084732026
0.73521847
0.10377482
0.09199362
0.10931994
0.8174336
0.81636775
0.93363136
0.11519803
0.048186716
0.039754663
0.037136286
0.047261864
0.17181186
0.9437134
0.91896725
0.88556683
0.892635
0.085819155
0.04476921
0.039920278
0.04819965
0.04753648
0.080920056
0.072736464
0.13988665
0.9007116
0.18073747
0.15910241
0.75704485
0.162315
0.14275706
0.1650809
0.08325363
0.08544236
0.16391972
0.8812655
0.1819115
0.17234984
0.6819708
0.1423484
0.1555273
0.6459793
0.17383362
0.15581216
0.3338937
0.8031945
0.13426316
0.07198307
0.054173205
0.06757818
0.08316019
0.093525454
0.86527896
0.87479174
0.8882276
0.9142881
0.21023023
0.2499427
0.3265748
0.89051276
0.8859344
0.84618044
0.85417116
0.90519035
0.8533874
0.23633069
0.17406292
0.16576731
0.8806516
0.86549824
0.91369003
0.8426538
0.12607227
0.17523862
0.15251172
0.07996865
0.07501522
0.184749
0.08120121
0.06460506
0.11262606
0.08214536
0.06311304
0.083293065
0.050465304
0.067704774
0.10938914
0.902694
0.9035901
0.91162074
0.92165977
0.94242734
0.9300577
0.091193184
0.09110912
0.07485566
0.10628
0.800544
0.20098272
0.3783488
0.91188127
0.16441067
0.07398267
0.05544081
0.06315079
0.1361905
0.10793137
0.16659197
0.09708661
0.08939248
0.09893781
0.11704744
0.25740054
0.87795746
0.7795606
0.1504497
0.11788314
0.09802012
0.07401022
0.12015409
0.11590245
0.78135085
0.9163068
0.10489102
0.06158737
0.06640399
0.11010482
0.8996634
0.09702314
0.057002045
0.068686895
0.07524462
0.11134077
0.87853914
0.13379093
0.07639527
0.11277281
0.9068738
0.94062525
0.95342827
0.9458578
0.18973626
0.085550256
0.1421433
0.82447153
0.07800072
0.064428255
0.051400013
0.047404453
0.064315856
0.8467674
0.91897583
0.92680025
0.8959015
0.8896973
0.9092714
0.9004312
0.916992
0.92376006
0.9245788
0.91169065
0.8370916
0.80568284
0.89544684
0.08314924
0.07117936
0.04385704
0.040201727
0.067698546
0.904785
0.93755484
0.9419912
0.88331264
0.8356188
0.8610003
0.9369161
0.13161346
0.047498155
0.047426883
0.04787542
0.038195696
0.039377786
0.045939237
0.039429728
0.043017216
0.07169379
0.92728555
0.9226179
0.9469198
0.90877527
0.93347573
0.07678397
0.06266347
0.047333013
0.062204745
0.07617517
0.8320493
0.80796635
0.852423
0.9219587
0.92693657
0.09478822
0.065941244
0.07986039
0.11001976
0.8491496
0.23261146
0.18910694
0.1638998
0.29110724
0.37504324
0.29547182
0.8103819
0.9178132
0.93241835
0.92125285
0.8855509
0.1499176
0.12287493
0.1374687
0.2754125
0.28315586
0.3416052
0.6520904
0.49005312
0.35375762
0.66513133
0.7089133
0.71722096
0.834452
0.55178154
0.287368
0.65063596
0.271409
0.12538584
0.1053491
0.14585055
0.07430736
0.07286637
0.080701604
0.119399264
0.9026429
0.9000598
0.40617296
0.85911554
0.2766167
0.20100488
0.78987134
0.8224952
0.9354048
0.07874623
0.039615266
0.03447447
0.035197478
0.053099044
0.07302887
0.12804289
0.30855983
0.9296986
0.92567074
0.89590305
0.85163116
0.85554075
0.89104307
0.17216982
0.21835656
0.89913464
0.9212209
0.9226032
0.2440648
0.09197023
0.19179408
0.89989924
0.92574686
0.94021314
0.9366483
0.8928702
0.14022096
0.07851191
0.12033546
0.8581392
0.92213076
0.91438836
0.91232514
0.3425673
0.19325155
0.76925594
0.8163086
0.8383774
0.8779641
0.9232316
0.90089655
0.90834296
0.23305388
0.16137818
0.20244533
0.10353061
0.07162227
0.068747625
0.06944671
0.10146991
0.79668826
0.8923005
0.861438
0.9109226
0.8988753
0.77852595
0.7509796
0.8262903
0.81913275
0.89651096
0.9229027
0.927968
0.92556477
0.9094576
0.80598676
0.10476162
0.10339681
0.22740862
0.8734981
0.21441093
0.21356834
0.21520442
0.20341057
0.2541166
0.87044597
0.88894975
0.90663815
0.9365916
0.92447037
0.13433918
0.09984554
0.115761004
0.1356499
0.29623356
0.9007914
0.8602065
0.8864261
0.20987764
0.1172014
0.12968357
0.76854676
0.8800375
0.8626438
0.9011396
0.89614654
0.9156693
0.9096107
0.86316556
0.8768073
0.82452655
0.7964229
0.82180345
0.9076414
0.9313646
0.093058854
0.083972365
0.045299847
0.034240812
0.032513145
0.030963512
0.034389902
0.0378539
0.06828802
0.9224142
0.92884994
0.95035934
0.9233251
0.24407387
0.18293896
0.82553786
0.88039684
0.118859045
0.05673873
0.053263836
0.07460162
0.7879937
0.18536012
0.1492916
0.14930424
0.89185816
0.8451401
0.8355895
0.91107476
0.10691094
0.08246026
0.14383867
0.21689922
0.8319057
0.33977616
0.25026572
0.8934983
0.9290914
0.9191793
0.9216796
0.8548777
0.8064378
0.81774944
0.15854985
0.22663994
0.87330073
0.14718749
0.09628709
0.080719456
0.096643664
0.70220816
0.19104026
0.26029056
0.7568635
0.31490487
0.7793291
0.7864372
0.11317819
0.069773
0.06340817
0.08147294
0.12042285
0.10202257
0.11593686
0.21128605
0.74445903
0.29395074
0.37557223
0.7266015
0.6980639
0.690536
0.7054836
0.76706
0.8552791
0.82681674
0.8827465
0.87411165
0.29138064
0.1582778
0.2733028
0.15021573
0.21969256
0.34665367
0.22673292
0.1446727
0.18829635
0.1347904
0.18687835
0.138091
0.14740263
0.3206423
0.19392847
0.20454052
0.67945737
0.5547153
0.3675523
0.81341493
0.17325819
0.16200672
0.16167785
0.70245826
0.7522325
0.10710798
0.09476986
0.06236707
0.0795385
0.087413125
0.88163066
0.92598784
0.9361707
0.9309863
0.90475285
0.8992521
0.8392338
0.814711
0.856277
0.9094543
0.92188674
0.9123417
0.8555129
0.84115946
0.8885506
0.8812093
0.91194797
0.900038
0.13304177
0.14916757
0.11918335
0.20529613
0.2141421
0.84329474
0.72315013
0.2540401
0.40279597
0.30688912
0.83210206
0.7520597
0.75542706
0.8154918
0.10297134
0.056062732
0.04261365
0.048499167
0.04533068
0.04094698
0.04181847
0.040703304
0.047243457
0.097638115
0.92238003
0.9059106
0.90638345
0.8837202
0.9043232
0.20375659
0.18161894
0.8923101
0.08189114
0.046623494
0.043793462
0.046868492
0.06323412
0.06040415
0.059821695
0.0795242
0.068537764
0.07334847
0.12187717
0.15414909
0.13899204
0.15896365
0.23736061
0.15752336
0.77275884
0.11210252
0.097078644
0.086923145
0.116754845
0.79698527
0.7823846
0.8847836
0.20710343
0.115050524
0.11312819
0.18446463
0.12336402
0.16070843
0.51750493
0.88101
0.873435
0.8795915
0.9019912
0.891749
0.8986439
0.89422846
0.90626645
0.9128315
0.9177406
0.9223866
0.930501
0.91828763