0.89530534
0.91099316
0.89087576
0.8495355
0.84532577
0.89700186
0.8301901
0.80054367
0.1802
0.07862721
0.052492246
0.04646157
0.053844325
0.089874454
0.9116682
0.8375542
0.9430385
0.13223208
0.064368024
0.0407575
0.04552966
0.050020657
0.03954861
0.039247166
0.052394003
0.08151215
0.9205969
0.91270155
0.9158948
0.9566174
0.07310847
0.040527582
0.03421807
0.04008406
0.04529522
0.04551347
0.052700378
0.0945949
0.1593838
0.86055285
0.78735435
0.8145821
0.25427833
0.77552325
0.09590544
0.06278501
0.0663976
0.134125
0.11079891
0.07808862
0.05805319
0.07078095
0.069833726
0.05067872
0.06445212
0.08013173
0.8870328
0.94136065
0.9463809
0.8573543
0.08945561
0.07677598
0.13164666
0.8639781
0.8826206
0.8651278
0.8508112
0.8472641
0.13604328
0.17635484
0.80439156
0.0978706
0.08115162
0.10462769
0.876657
0.88681537
0.88546175
0.86773133
0.83726096
0.84892035
0.8932968
0.9317019
0.92206144
0.29872143
0.1909157
0.1293948
0.7350728
0.19054462
0.15730228
0.8403702
0.9232993
0.928171
0.8636939
0.82124335
0.81706417
0.18342419
0.11377608
0.13151984
0.7866798
0.8886883
0.118700355
0.09751856
0.11451601
0.2445445
0.7709176
0.3906012
0.23499605
0.30044958