0.9059969
0.9196084
0.9167077
0.8325044
0.7628458
0.7506941
0.9022846
0.09826622
0.07008835
0.046026826
0.04752707
0.049438506
0.064438015
0.10282911
0.8579181
0.14517899
0.06223876
0.045900684
0.041861203
0.03966468
0.04446217
0.06834152
0.87733394
0.86906326
0.9109924
0.91358185
0.9533104
0.0662241
0.035085697
0.03206128
0.032793913
0.03519784
0.041801296
0.07570921
0.86641794
0.91352004
0.83015674
0.91539377
0.84944886
0.06953981
0.043356884
0.04481856
0.03901581
0.039691657
0.04680714
0.08904905
0.9165921
0.8867232
0.89062196
0.07980258
0.044019774
0.038551237
0.04037145
0.047793217
0.053045068
0.08443258
0.85602486
0.911176
0.114930116
0.08066472
0.08987162
0.15896472
0.88392085
0.77883416
0.78559124
0.9000657
0.9087023
0.11831793
0.09341926
0.13496082
0.8445051
0.9275468
0.8607598
0.067296386
0.04463328
0.04292822
0.060186367
0.85500747
0.8816614
0.9245594
0.95074546
0.89571345
0.8809696
0.058509752
0.041917685
0.04502366
0.069858804
0.806944
0.8326623
0.9412427
0.18573822
0.060979735
0.049493298
0.053927537
0.082698755
0.058855645
0.05139112
0.048103187
0.053073097
0.074811235
0.83184355
0.86292166
0.8749992
0.93384266
0.85436654
0.092673175
0.06706151
0.06722274
0.11085221
0.8965534
0.91515607
0.91158456