0.8819915
0.9124144
0.9170589
0.92033005
0.92943084
0.90145177
0.9230773
0.92672163
0.115952305
0.057817295
0.06012897
0.076023474
0.053878516
0.06705101
0.05479089
0.061858557
0.077556334
0.12359296
0.91215897
0.14143676
0.059775278
0.043760356
0.041579053
0.049283683
0.08173656
0.91127044
0.8898898
0.9205793
0.07907097
0.050054885
0.041205492
0.043014146
0.06413637
0.1058381
0.8762068
0.2806029
0.25498325
0.7874095
0.12290989
0.09982743
0.16520303
0.9021271
0.8268856
0.1157799
0.122973315
0.15895602
0.07811635
0.12190038
0.07456755
0.06586488
0.0636389
0.12087078
0.8818362
0.9392204
0.94221646
0.855572
0.9150257
0.0876423
0.08717992
0.06486072
0.056898333
0.08238308
0.9165807
0.92503923
0.10521667
0.08202152
0.0891211
0.87619835
0.9336495
0.850089
0.84630334
0.08320789
0.0738054
0.1022926
0.87305844
0.09726234
0.061664693
0.084006526
0.09209107
0.12579042
0.8947751
0.7927446
0.8115537
0.9141297
0.85572577
0.21002857
0.07329993
0.054221936
0.07590054
0.069166064
0.056614775
0.048414458
0.062382422
0.09416947
0.09718555
0.13794719
0.90828955
0.8709218
0.89909303
0.11110767
0.10098805
0.061301794
0.049857907
0.051591553
0.059939533
0.11849239
0.8958243
0.81492466
0.76657164
0.7485739
0.7382887
0.768057
0.81683534