0.91348344
0.89594907
0.81465524
0.1240114
0.12199101
0.08468782
0.11991856
0.9019342
0.9329723
0.9341896
0.88232666
0.8300214
0.8014454
0.8003408
0.8588329
0.10319345
0.08352932
0.052360065
0.046590146
0.04061451
0.05119608
0.04634581
0.041099146
0.056540094
0.08734613
0.9024095
0.22862056
0.1619783
0.9128284
0.9563195
0.96081644
0.9331249
0.051125187
0.03672987
0.031900845
0.036375977
0.04422641
0.07532215
0.83226585
0.8484344
0.120809555
0.076640144
0.10138925
0.111468434
0.10218178
0.11180452
0.8102505
0.8246303
0.8778863
0.9179241
0.9027617
0.924743
0.9302763
0.9233292
0.88964427
0.16091476
0.13873304
0.24014726
0.2656475
0.8664767
0.91088474
0.9180332
0.915113
0.91002136
0.9030792
0.8945349
0.90623415
0.9127913
0.91338575
0.90087837
0.84590924
0.80721676
0.82475746
0.8953272
0.91477627
0.9045037
0.815116
0.7044506
0.71204376
0.8592367
0.13193986
0.09499106
0.08984401
0.09568991
0.8476956
0.93694824
0.9022296
0.102599226
0.07164953
0.09222967
0.8336336
0.11153753
0.055763487
0.041880365
0.046131454
0.07447413
0.9309373
0.95181495
0.9595428
0.9476818
0.9468905
0.05926072
0.048362333
0.033280335
0.04297869
0.04091626
0.0407679
0.051877074
0.117913075
0.88271284
0.8711234
0.86101013
0.8277744
0.22801985
0.3150904
0.3285984
0.426177
0.8574804
0.9209714
0.930897
0.9057226
0.874713