0.8453549
0.86267245
0.8655368
0.44071564
0.2572454
0.1774607
0.17491782
0.18483363
0.75208
0.8905829
0.8495046
0.88323355
0.39606503
0.18449007
0.2595777
0.22801115
0.71152914
0.20128077
0.12668806
0.14396027
0.18773915
0.8239634
0.90652317
0.8086408
0.7777621
0.81313163
0.13013949
0.054115914
0.0481402
0.0616149
0.072896294
0.115889505
0.9008843
0.12207693
0.08650163
0.12302685
0.9272488
0.9220887
0.07281574
0.0394237
0.03312206
0.03223976
0.0349516
0.046929013
0.056349564
0.062275913
0.9102138
0.9328235
0.9535983
0.9585236
0.9570678
0.9133462
0.9069292
0.0477138
0.034002617
0.03426708
0.04172796
0.039202802
0.04257676
0.053396806
0.05483056
0.044124775
0.04456654
0.06675519
0.8852701
0.9357547
0.94612026
0.112643845
0.10294041
0.066241466
0.050222084
0.055647746
0.10276064
0.8295332
0.27040315
0.2342784
0.18779692
0.20561607
0.85139954
0.23112138
0.11653133
0.06499662
0.076189145
0.06824798
0.06299801
0.08339354
0.15459684
0.11142746
0.0936965
0.13790332
0.10864845
0.09566842
0.145565
0.84518176
0.887455
0.9373782
0.9389966
0.8698268
0.7862948
0.27524108
0.13828857
0.23741776
0.24330737
0.3882878
0.8672441
0.5183861
0.3352032
0.2748023
0.13212058
0.17957723
0.8255779
0.90288246
0.87758523
0.9082655
0.8769879
0.91271347
0.9002103
0.11455323
0.095544554
0.13389629
0.16530474
0.31907395
0.8832173
0.9063994
0.92823875
0.9057229