0.336511
0.25118884
0.27182308
0.53950787
0.7929803
0.8682396
0.7799602
0.6654834
0.39736506
0.4442044
0.43662804
0.8635358
0.9142522
0.910963
0.85407215
0.8123203
0.8160603
0.8506004
0.8905153
0.8382426
0.82635564
0.90137833
0.19469935
0.12170706
0.12821054
0.06569209
0.06645528
0.06267148
0.07902517
0.09445321
0.11731803
0.062685564
0.056967102
0.079696864
0.053192217
0.076955564
0.06839893
0.14588486
0.9453238
0.95381385
0.9272028
0.07390233
0.041101173
0.044661243
0.056654092
0.0774898
0.8891227
0.9403465
0.077356994
0.04116783
0.03384949
0.033884518
0.03683845
0.07695196
0.92903435
0.9329268
0.9381943
0.94829905
0.9292122
0.9112744
0.9404163
0.08824685
0.036268946
0.040006023
0.03574086
0.054616928
0.08737861
0.8899142
0.93466717
0.095941655
0.064816326
0.07670031
0.07142271
0.13087077
0.8563295
0.11544719
0.06773307
0.07190226
0.12180133
0.12865624
0.9387162
0.95216936
0.917381
0.08184698
0.07065982
0.08766798
0.053226583
0.08478778
0.078850746
0.08106647
0.07683155
0.06363681
0.0665452
0.0608007
0.061031148
0.073150545
0.083773054
0.16831197
0.21754865
0.83927387
0.8132653
0.8965998
0.40181696
0.15058696
0.19369076
0.19769582
0.4840334
0.89042836
0.19713488
0.09575003
0.070496604
0.10791186
0.07315856
0.06966795
0.15464458
0.30199972
0.8942078
0.8913194
0.878696
0.8834798
0.12989646
0.08177633
0.05845649
0.066924244
0.072720245
0.074643515
0.08513639
0.2664096
0.915217
0.82831126
0.9221024
0.1629345
0.074880704
0.058315504
0.054805286
0.09187288
0.072790146
0.082462944
0.08773799
0.08708174
0.081757404
0.077564456
0.075131886
0.12946798
0.909164
0.121028304
0.10431967
0.07763521
0.16120122
0.89845824
0.21564291
0.16153042
0.31343976
0.9316032
0.937808
0.06714025
0.041684773
0.039893366
0.059529766
0.8877302
0.8987541
0.91788894
0.9285378
0.92962617
0.9315019
0.2353937
0.13190287
0.7265536
0.127114
0.13821647
0.89619344
0.9213899
0.14919813
0.14020069
0.12385351
0.7357414
0.11710936
0.09269302
0.12819684
0.7686172
0.3406631
0.887874
0.28135085
0.115057126
0.1780039
0.1780569
0.12121625
0.20627396
0.124347545
0.22545569
0.27739528
0.3237314
0.35977277
0.31533113
0.2512615
0.87846667
0.8660879
0.8349352
0.85953945
0.9157802
0.92384523
0.89884555
0.9167634
0.9079217
0.10547178
0.09578065
0.11069276
0.120286606
0.13791865
0.16357994
0.19060129
0.77459216
0.8896873
0.8832788
0.91288203
0.90100735
0.8130618
0.7844642
0.8296189
0.8919118
0.9098403
0.9084376
0.89709806
0.9047997
0.9081264
0.90395916
0.8865304
0.87523675
0.880004
0.89470357
0.8907893
0.91092676
0.92395073
0.93039924
0.9258617
0.8654841
0.19056426
0.05641601
0.049356658
0.074620195
0.046401873
0.050239313
0.109641984
0.24025321
0.9018531
0.9234197
0.9379314
0.9373579
0.93074787
0.9051824
0.92460907
0.8938005
0.8884963
0.08102447
0.051940084
0.039364833
0.040063716
0.04801511
0.0540769
0.0725618
0.13478363
0.82361585
0.8556983
0.8919747
0.9272502
0.92780304
0.8882367
0.8489053
0.83049095
0.8231174
0.8207424
0.831353
0.87200063
0.8566126
0.8664578
0.72289616
0.53601474
0.41989726
0.466988
0.346859
0.3019879
0.32389143
0.16650791
0.14935228
0.25194603
0.28197542
0.8712305
0.8618543
0.83610594
0.8527614
0.8896096
0.8721539
0.8696158
0.906088
0.91871333
0.9190332
0.90556383
0.843892
0.8258948
0.8959677
0.9113922
0.088748924
0.06023402
0.09479961
0.1192345
0.12675044
0.91160357
0.87133867
0.07635744
0.04725257
0.04115412
0.05281841
0.058377784
0.076934986
0.1513013
0.93109614
0.1339612
0.056090906
0.042404756
0.04858552
0.055122368
0.04751242
0.09426141
0.92764467
0.94319326
0.9501686
0.9591406
0.93246615
0.057560198
0.037775762
0.035659067
0.037496407
0.037387516
0.06407044
0.113720596
0.9106661
0.9457198
0.18176532
0.09893111
0.051719576
0.055259846
0.05820899
0.11018676
0.12774323
0.89290506
0.11646042
0.08912394
0.08481736
0.0798997
0.10510483
0.8758697
0.80086744
0.8699791
0.75896007
0.74474984
0.7323527
0.76560634
0.0969488
0.078310125
0.09468394
0.80965585
0.11083546
0.0585601
0.07728356
0.07186703
0.058453847
0.24948707
0.9283181
0.9417165
0.9332895
0.9443701
0.9433967
0.89979404
0.9305193
0.07853513
0.03867761
0.037224423
0.0459245
0.05908117
0.13149759
0.8684869
0.86098695
0.11030934
0.058049574
0.052120756
0.067069754
0.07679766
0.06745144
0.06845866
0.08614084
0.094096094
0.18606162
0.19084351
0.3033025
0.19128476
0.15426713
0.108883515
0.08855167
0.12444808
0.12427655
0.1271583
0.22691849
0.48955604
0.74445426
0.84457695
0.7668759
0.84917307
0.7432196
0.7476811
0.15645269
0.094336405
0.15546873
0.09647021
0.080442734
0.065775774
0.05252218
0.059479196
0.08184928
0.85136724
0.92150974
0.13891698
0.15792575
0.1693318
0.23965593
0.88743293
0.17781596
0.17657125
0.8726782
0.91877663
0.1367401
0.06516747
0.038759127
0.03841772
0.056231447
0.88581324
0.916469
0.93347526
0.9332965
0.94502
0.062252507
0.042007923
0.03931013
0.05083616
0.089031875
0.87216115
0.85084075
0.84179056
0.80115235
0.8317748
0.28206208
0.17462033
0.7517164
0.13876796
0.117817976
0.12541741
0.13911459
0.785493
0.7933365
0.15609385
0.19737034
0.10575961
0.167982
0.12995693
0.21175766
0.21426809
0.22258262
0.5176124
0.88655317
0.89862186
0.79147726
0.7478542
0.84083384
0.7407841
0.68654656
0.16326374
0.12387195
0.15343115
0.14037661
0.2618695
0.33209783
0.30185723
0.38694972
0.30790287
0.85775524
0.7960791
0.76891303
0.7566765
0.7235824
0.74414575
0.18558913
0.17518026
0.8590562
0.103920765
0.08323086
0.084300496
0.12345512
0.85495514
0.15423779
0.057127193
0.044527777
0.04511649
0.04745118
0.058578376
0.1207244
0.92029536
0.116582654
0.09726225
0.079016365
0.0581408
0.05074752
0.10168345
0.93493426
0.9421564
0.92627126
0.9313683
0.06253879
0.03651473
0.03550465
0.04187132
0.05584473
0.09641806
0.87386197
0.124884985
0.07009042
0.07573791
0.12673128
0.86557513
0.12068613
0.060328722
0.04997139
0.049666747
0.04753751
0.04654982
0.06751426
0.10127696
0.9115151
0.8551645
0.91505593
0.08121299
0.049213167
0.040761713
0.038652815
0.056889735
0.06651159
0.08697008
0.15324593
0.8883232
0.9328183
0.9426364
0.9360188
0.8791837
0.919885
0.87359715
0.072247975
0.0813253
0.051855735
0.04645405
0.043915246
0.04537255
0.06884698
0.9164217
0.9528126
0.9325015
0.07631371
0.047617476
0.06754179
0.08902357
0.087924145
0.06390793
0.052762985
0.052373115
0.05867762
0.10451385
0.8488561
0.24053389
0.14704606
0.13653381
0.076337114
0.07485325
0.12401739
0.8441161
0.8695672
0.9263188
0.9182072
0.774985
0.7439839
0.13942197
0.15785861
0.2106443
0.17862435
0.1843799
0.18725543
0.68897676
0.3860876
0.26586777
0.38844377
0.7788379
0.8662226
0.81294215
0.8453826
0.792043
0.8431657
0.81762904
0.89939696
0.91102314
0.8395565
0.084087424
0.06764563
0.059613142
0.042554375
0.05771436
0.07664091
0.9125409
0.9471178
0.91954106
0.086251184
0.08014127
0.057795092
0.08743164
0.11586973
0.099798724
0.86322117
0.93240476
0.93432397
0.30389988
0.18788
0.15172987
0.10383556
0.091667965
0.11676994
0.90271235
0.89989114
0.87599885
0.84627545
0.82748324
0.86807805
0.929525
0.93187416
0.8667986
0.098037004
0.1295567
0.14341228
0.12656666
0.14181109
0.25516358
0.90797937
0.92348725
0.8545568
0.86427134
0.18590096
0.19655043
0.21516286
0.7392888
0.8108377
0.8775584
0.7726427
0.24241526
0.15691212
0.1429824
0.19325791
0.86866945
0.91465926
0.92969114
0.9338479
0.92591023
0.90653175