0.85111153
0.85235035
0.11288535
0.064565144
0.08536649
0.05523157
0.070968926
0.09139135
0.82101506
0.83555925
0.83129054
0.8447184
0.89443654
0.15240508
0.076861456
0.03822656
0.036104
0.039232265
0.039519455
0.046870146
0.067098215
0.17837483
0.91167086
0.1277112
0.11110669
0.10381568
0.8983635
0.9374086
0.9355459
0.92137694
0.9008321
0.87464
0.8801021
0.077530816
0.07760691
0.11622255
0.90305376
0.103923626
0.051921476
0.054049
0.04728523
0.04386178
0.04240168
0.044623833
0.061435807
0.107145846
0.8524076
0.8661983
0.928531
0.8838374
0.8471885
0.83057934
0.11581792
0.13320851
0.078129746
0.087717965
0.090731435
0.11306789
0.8063804
0.8975642
0.837256
0.89187187
0.82178146
0.78896475
0.9074524
0.17203645
0.09382907
0.050168443
0.0438564
0.046327535
0.053626038
0.091224715
0.10661845
0.068743
0.086253814
0.08217479
0.12789561
0.17493255
0.91789055
0.9504667
0.096338205
0.06716197
0.050346415
0.04211322
0.046769645
0.07312968
0.8059095
0.09395022
0.06340306
0.07601364
0.88293433
0.9284132
0.923342
0.9076432
0.9129781
0.07972753
0.06972368
0.09111509
0.76705974
0.08033452
0.054571774
0.056084186
0.090063795
0.8311917
0.18117589
0.14819843
0.7960203
0.7895674
0.79958946
0.8368608
0.16549322
0.13427976
0.15442628
0.10618138
0.10066048
0.09295268
0.07847747
0.057440497
0.051940057
0.051428687
0.059397284
0.08164187
0.21781363
0.8601363
0.9233456
0.93521446
0.9488076
0.93949395