0.8272387
0.8467232
0.8520082
0.8611634
0.8680364
0.7727576
0.6605172
0.67027265
0.7727134
0.86967
0.77312595
0.735095
0.1301154
0.10983914
0.076580554
0.12238492
0.077950805
0.06977971
0.09191423
0.7676694
0.120606035
0.09723258
0.18071698
0.27768025
0.9045328
0.94249207
0.8584088
0.87562305
0.084248744
0.052170787
0.041245077
0.043409135
0.055041183
0.048644647
0.05670763
0.10641774
0.88061976
0.8145867
0.85645777
0.15542729
0.16415407
0.80201757
0.08790713
0.058001217
0.06653566
0.86004245
0.9061244
0.9347172
0.93077916
0.9376626
0.9386433
0.9326008
0.91258556
0.09583737
0.09521911
0.16398399
0.8685567
0.872626
0.85852367
0.20038992
0.21262349
0.16516799
0.8867015
0.9177599
0.86428404
0.8179704
0.8516087
0.91386616
0.88742816
0.9084367
0.097432785
0.07854497
0.09952535
0.7202686
0.29021612
0.23386008
0.78856456
0.79608583
0.8724393
0.24729273
0.1355786
0.13795868
0.299081
0.8695545
0.8211131
0.8640152
0.7193933
0.66947937
0.65365773
0.14668839
0.14704326
0.17092083
0.8585376
0.21844876
0.11946187
0.09875972
0.077582404
0.07692733
0.063439086
0.059098165
0.06898927
0.11933249
0.8384091
0.9016088
0.2107003
0.25961798
0.17533778
0.82686853
0.84033936
0.8208057
0.78970456
0.1326727
0.1371003
0.13267946
0.84305567
0.92079073
0.8586271
0.82754105
0.100843236
0.06807301
0.06791038
0.081690796
0.3213772
0.9063519
0.9143569
0.92783546
0.9021894
0.8667709
0.8344285
0.8443313
0.880396
0.9040448
0.90123606