0.82492244
0.86012757
0.8816832
0.90279776
0.88579035
0.87501574
0.7778853
0.6949376
0.5942534
0.28933161
0.26089358
0.32844585
0.5640066
0.29821765
0.5563347
0.27260998
0.20130807
0.20134473
0.31614226
0.3683897
0.25934196
0.4153956
0.49455342
0.54678196
0.85481054
0.2837407
0.33935988
0.7411968
0.12801729
0.10333155
0.075686455
0.10134564
0.09632733
0.1934774
0.22371684
0.7661141
0.1994684
0.17903271
0.19005914
0.7345673
0.7581445
0.34046736
0.87229645
0.37764528
0.2948486
0.8383517
0.10845212
0.061975054
0.049394205
0.045192506
0.047584575
0.054323692
0.053474944
0.050028887
0.05385647
0.06873604
0.102797486
0.889274
0.19491528
0.19440104
0.88059926
0.10752484
0.05751346
0.06646287
0.08663705
0.9107641
0.9419143
0.93633467
0.9237026
0.90962833
0.9331925
0.061355066
0.045625128
0.050103836
0.089872636
0.89152783
0.22074875
0.22164157
0.88844717
0.105639584
0.054045323
0.044782005
0.04568379
0.059203885
0.063753396
0.0696415
0.06008396
0.09886027
0.14569698
0.18519704
0.8320493
0.28651187
0.2906719
0.84911907
0.32418558
0.7347333
0.7565732
0.3349531
0.32825652
0.31121084
0.79268813
0.15369403
0.115534894
0.09787553
0.1503707
0.12648973
0.23144871
0.18505818
0.72918093
0.32811204
0.24427576
0.6963977
0.26592582
0.22804105
0.19526695
0.15515724
0.17864105
0.18327703
0.17160596
0.20898357
0.5368383
0.80565685
0.44973728
0.6837251
0.49420023
0.2940297
0.34561417
0.8534175
0.9075246
0.91311437
0.8749453
0.87468714
0.8903018
0.8839395