0.909102
0.84850585
0.11215985
0.09731801
0.09688514
0.10562656
0.12023661
0.77365315
0.8276974
0.11524598
0.1043849
0.060802914
0.057114985
0.052434675
0.052001435
0.05294152
0.05051397
0.04823659
0.0440943
0.049628228
0.048726615
0.047027845
0.09958641
0.9301299
0.94928783
0.92822933
0.9113467
0.099262774
0.057224706
0.067241445
0.87463915
0.9283113
0.93871826
0.93281245
0.9397254
0.93502253
0.9154594
0.08072055
0.07429149
0.11071067
0.8852754
0.9364747
0.8930443
0.8797556
0.09866428
0.08529698
0.14337908
0.8645533
0.0970242
0.052154545
0.045663062
0.051685315
0.08637573
0.10109899
0.120628424
0.15787332
0.13190389
0.13750961
0.15160415
0.75807214
0.7558801
0.40081877
0.2918923
0.18554623
0.16908647
0.17368978
0.8655429
0.39038897
0.33618188
0.35258725
0.80804884
0.8434958
0.108194835
0.069671504
0.060102057
0.080537006
0.8353543
0.9032166
0.12257957
0.05809722
0.057217605
0.070627674
0.07323097
0.88362414
0.9028022
0.9165043
0.93052495
0.90060395
0.8899102
0.9157075
0.88706845
0.88973826
0.92967755
0.9274996
0.06539452
0.051619314
0.0363443
0.045030273
0.0716452
0.89705384
0.89156675
0.91392505
0.94714195
0.9160365
0.9337745
0.07168837
0.06001032
0.05041473
0.06768436
0.117861405
0.8939983
0.121735565
0.09784724
0.12549837
0.12431447
0.15172756
0.7729159
0.136021
0.10448119
0.18141012
0.2628369
0.7966372
0.74856967
0.29608482
0.26941943
0.30870757
0.7743053
0.82606316
0.26944295
0.3573155
0.38142154
0.3518292
0.43639597
0.7449349
0.75835073
0.7839349
0.8210894
0.29219195
0.344834
0.26572505
0.3488716
0.43727717
0.8467546