0.8612166
0.8815961
0.89086485
0.87624747
0.9048637
0.9154904
0.91480726
0.9052258
0.87976617
0.76618415
0.7018617
0.7757986
0.63504577
0.5497309
0.40897095
0.39659145
0.7698531
0.48317105
0.19564255
0.17320608
0.16152482
0.20174813
0.26039982
0.8807126
0.924099
0.9172654
0.8063478
0.86382383
0.1407819
0.12591818
0.12985493
0.1317033
0.17419384
0.86792076
0.93197745
0.9338619
0.8534528
0.82133466
0.14546019
0.100618415
0.15955968
0.19443649
0.17323892
0.85270673
0.752345
0.7332848
0.8544112
0.7462351
0.12431529
0.1038156
0.17831206
0.79722214
0.31326905
0.16372049
0.4131701
0.9159019
0.9429426
0.94363093
0.92966354
0.23375499
0.08490007
0.10493097
0.8298141
0.9124032
0.8480429
0.77721435
0.7812023
0.77741855
0.09634779
0.08270837
0.1471991
0.9205442
0.9332657
0.84082574
0.103815526
0.087264135
0.119231135
0.76924133
0.1334612
0.1021127
0.12060107
0.7931535
0.09107655
0.05223978
0.04840032
0.050215207
0.04890358
0.051470086
0.051892485
0.052439462
0.049572732
0.071095206
0.92286026
0.92720294
0.9433579
0.93403006
0.9478747
0.9437875
0.87476945
0.87665206
0.054485742
0.034512118
0.034890503
0.04807493
0.04415439
0.042914726
0.05854991
0.04401205
0.051214714
0.07917048
0.90967655
0.85105383
0.93525577
0.9439196
0.11667645
0.047826786
0.05020661
0.04838558
0.046304345
0.0685215
0.9194452
0.9390357
0.94710946
0.946135
0.933369
0.8278776
0.77360505
0.8323604
0.05625419
0.0342461
0.032466378
0.033891466
0.042922866
0.09187384
0.85454607
0.87515384
0.9362984
0.94913477
0.94924897
0.9359226
0.8667155
0.06375739
0.047229305
0.04025595
0.044051193
0.06321285
0.11463743
0.13008119
0.47262165
0.8809009