0.8787263
0.9058804
0.902998
0.86324906
0.8346097
0.8412656
0.8626296
0.8092626
0.7649522
0.7397396
0.72151047
0.78569853
0.3021517
0.25326666
0.33261788
0.24954733
0.50851834
0.24510431
0.24076188
0.70246005
0.7709431
0.7873869
0.7806421
0.8687948
0.16808817
0.15053922
0.11829022
0.117644496
0.79609966
0.9045849
0.85485125
0.8381504
0.91450995
0.8411995
0.080215186
0.053203925
0.07705315
0.058868583
0.061421856
0.0636777
0.120503895
0.12914778
0.80301464
0.109342836
0.06642243
0.06143995
0.07360418
0.09975616
0.8435216
0.22121134
0.18166481
0.14805505
0.8532218
0.09073238
0.05076538
0.04780836
0.045419928
0.06701122
0.890918
0.90807617
0.9082145
0.8944993
0.13793054
0.12444537
0.87093455
0.9390166
0.91719174
0.89268506
0.12665293
0.1505787
0.8779729
0.076917626
0.051640984
0.05047553
0.0506918
0.07722252
0.7691411
0.12098869
0.11933583
0.1863252
0.90851337
0.82443404
0.8100127
0.84307534
0.13535318
0.15271012
0.057830773
0.051346973
0.05710541
0.087617114
0.10511875
0.09030814
0.0746232
0.087465726
0.14162941
0.12474955
0.121082865
0.13823228
0.054283585
0.043227054
0.045246396
0.07593547
0.93336993
0.95057964
0.9530666
0.897487
0.20276706
0.7659837
0.066014916
0.046160337
0.0498671
0.07501176
0.17042457
0.25340307
0.8578915
0.1660594
0.06836081
0.057924654
0.059802346
0.060154147
0.05253145
0.062299106
0.10708892
0.8905554
0.1472456
0.13928618
0.11006541
0.064504094
0.05391433
0.049234636
0.0425561
0.07401855
0.92356473
0.9482766
0.9485085
0.9556841
0.8924671
0.87996936
0.053464174
0.03463261
0.033683572
0.04005194
0.056147985
0.06357852
0.07065273
0.06619206
0.09245031
0.08253383
0.07287229
0.12637995
0.17208292
0.13814709
0.86276835
0.91224843
0.80592304
0.7851913
0.21905512
0.21197535
0.8280691
0.14852594
0.15767534
0.12338726
0.21032575
0.8882365
0.89868325