0.8906363
0.9153057
0.91742295
0.8971015
0.9105887
0.9159795
0.9091687
0.8694615
0.3592754
0.23549958
0.37768018
0.23472399
0.6865467
0.15720123
0.14538275
0.08137551
0.07840852
0.07690298
0.07724178
0.15423244
0.17497444
0.101290084
0.11644784
0.81062216
0.91839117
0.84878224
0.942673
0.124622904
0.044945806
0.04018036
0.03378443
0.03414351
0.039590113
0.06148665
0.8782943
0.9074057
0.90321934
0.8963389
0.1665764
0.17175262
0.886653
0.84366846
0.093346104
0.085664034
0.13415186
0.7656291
0.21371438
0.35743138
0.8918866
0.86507386
0.91378224
0.90654165
0.12730382
0.12965569
0.19423522
0.85319185
0.12377504
0.084629565
0.099171415
0.2195411
0.9182405
0.9307393
0.12689115
0.07101687
0.06640203
0.102470756
0.91273034
0.8881457
0.15793101
0.050566707
0.04494818
0.041494273
0.03841589
0.03809203
0.044261925
0.06920038
0.84533316
0.30987522
0.9291253
0.94026214
0.110358894
0.05914991
0.046561558
0.06259558
0.9072946
0.9272952
0.9434546
0.9443266
0.9171775
0.87546057
0.8361441
0.86087203
0.066806085
0.057149533
0.066644035
0.14424396
0.91477996
0.09872447
0.053657357
0.062045787
0.057454508
0.047825783
0.049593754
0.06706124
0.06458942
0.10724476
0.85226166
0.8423363
0.8383801
0.842606
0.8662916
0.91759855
0.9127075
0.10121758
0.087813735
0.09269608
0.26362658
0.8921641
0.81453663
0.18194838
0.1349504
0.08744143
0.05907315
0.055148177
0.04621867
0.05099533
0.0778233
0.87845486
0.92638737
0.23712653
0.085982
0.06680466
0.09393021
0.91571814
0.91245794
0.8936214
0.9284011
0.08886341
0.065069295
0.08244071
0.12005676
0.85145736
0.9027547
0.109343186
0.07699518
0.08183142
0.11338942
0.8712764
0.76961565
0.7611753
0.7516116
0.7686457
0.17244127
0.10309863
0.09084291
0.11455055
0.724962
0.16031508
0.13941947
0.16501589
0.6703099
0.2341946
0.2657039
0.23014382
0.53154993
0.85397434
0.92055285
0.90855014