0.7434513
0.67632973
0.47900674
0.45706478
0.3213014
0.50671345
0.31276342
0.55747885
0.7706854
0.21876049
0.19085377
0.18675599
0.8095375
0.26659036
0.23122695
0.86411875
0.1161579
0.0747445
0.052363623
0.046291478
0.052015882
0.08764846
0.9322015
0.94953305
0.9272378
0.914973
0.09262962
0.059280228
0.040667765
0.039595257
0.05463658
0.088960305
0.9145296
0.9205565
0.817144
0.10301545
0.073088355
0.067346804
0.07842931
0.8542149
0.9407324
0.95032597
0.9402613
0.084073566
0.055726506
0.06466654
0.10822772
0.8033858
0.20605345
0.10654772
0.11869036
0.76662695
0.16772999
0.10645663
0.11014972
0.85772175
0.92998976
0.8535404
0.10180484
0.0830093
0.12259791
0.7940697
0.08732939
0.06282631
0.069137916
0.06886302
0.10731879
0.13256751
0.12076817
0.8538201
0.9243892
0.8287834
0.8932595
0.11683386
0.0422016
0.03665972
0.03541818
0.040601857
0.06663805
0.88425595
0.90180546
0.85161966
0.88726616
0.070067085
0.041818865
0.040203746
0.04520759
0.05294504
0.111551456
0.9382691
0.9465108
0.93949836
0.09613302
0.09404596
0.1174808
0.118129596
0.80469114
0.124871515
0.07896744
0.05961334
0.041587643
0.04275106
0.0366351
0.041560523
0.070662476
0.15016454
0.9186278
0.93324584
0.9348854
0.9160463
0.9219791
0.9182832
0.90588045
0.9177442
0.9209532
0.915537
0.880739
0.8709473
0.89165527
0.84131354
0.8187087
0.83015424
0.84705424
0.92364705
0.13705872
0.07768417
0.045582872
0.049027376
0.075740114
0.061196025
0.07714852
0.18439826
0.3883826
0.8723234
0.9207984
0.909717
0.7885444
0.7702585
0.856001
0.7775046
0.75376076
0.11461009
0.08741092
0.09535107
0.8549915
0.9250447
0.9327421
0.8828926
0.8398577
0.8255229
0.82140833
0.8161398
0.81753254
0.11191791
0.09043848
0.11584548
0.845934
0.22810091
0.20652732
0.8463854
0.1442588
0.10263923
0.12038763
0.66611034
0.22618338
0.64473015
0.24748304
0.31298575
0.7185289
0.90953827
0.91318274