0.8592017
0.9011745
0.9250248
0.92573154
0.9046556
0.81052595
0.6702307
0.3288607
0.42079908
0.46397975
0.3379937
0.8143411
0.17115735
0.14608392
0.13878706
0.13910525
0.13348009
0.23226705
0.77699995
0.8236818
0.26285762
0.11066013
0.06326675
0.05397975
0.05129997
0.0808679
0.10414713
0.89132714
0.7895834
0.89627135
0.25545335
0.21965462
0.83006865
0.9345736
0.9483202
0.06462916
0.03621554
0.03251757
0.036446948
0.04004659
0.048891906
0.080504775
0.8535042
0.087919325
0.051785573
0.05190504
0.06550652
0.8925842
0.9049277
0.92229104
0.93302226
0.9431136
0.9414744
0.919179
0.9060648
0.26670483
0.8541186
0.10441182
0.07364598
0.09615889
0.8944167
0.92115796
0.10103107
0.08812815
0.10287919
0.81207186
0.1156944
0.062495027
0.05510521
0.080530725
0.8534888
0.91108596
0.45435405
0.38648573
0.82415605
0.11307765
0.106427565
0.067676544
0.08671762
0.11556597
0.18546984
0.14813142
0.14808139
0.1520497
0.14809512
0.29316
0.3399638
0.14102201
0.13347986
0.19376554
0.2058087
0.13597772
0.13519283
0.12926151
0.15271708
0.6452145
0.5266169
0.8319383
0.4172974
0.36175683
0.8546672
0.8295599
0.89689684
0.39519304
0.1909781
0.6915629
0.7339242
0.07894683
0.058632106
0.06297673
0.079723254
0.8712667
0.9224234
0.84783906
0.76925385
0.76993096
0.77303046
0.7608061
0.8285021
0.091560796
0.082277276
0.06077627
0.08155393
0.7172661
0.1559839
0.17494226
0.81165075
0.8854384
0.7662964
0.386439
0.5366917
0.85864186
0.38120955
0.6758392
0.14154005
0.13033304
0.20873187
0.8237522
0.24792926
0.24366528
0.86975694
0.90466887
0.31789255
0.1735486
0.16789441
0.7659805
0.08850416
0.06353475
0.076078504
0.83534193
0.90550184
0.9390591
0.88854665
0.84223884
0.8152226
0.079744175
0.06650578
0.08204417
0.6898896
0.1533474
0.21352912
0.32259965
0.9027916
0.8993317
0.26813832
0.28995308
0.8434139
0.83810616
0.77711546
0.7274952
0.7993979
0.8936813
0.921368
0.9245014
0.9021735
0.86841804