0.76626456
0.7554859
0.7175359
0.7549955
0.8545355
0.8613045
0.7667492
0.7335141
0.7569572
0.816901
0.27422154
0.18786621
0.18680875
0.17576864
0.25180203
0.27541256
0.7788144
0.8904549
0.8843923
0.90996116
0.892854
0.7611708
0.65537596
0.63730997
0.63074875
0.364891
0.2962662
0.22989815
0.24224664
0.28327763
0.86709213
0.9063516
0.88802433
0.9028776
0.88678515
0.885963
0.81866753
0.788739
0.8321018
0.8975899
0.897251
0.7737994
0.67003286
0.72577155
0.19705322
0.1864055
0.77306384
0.09450918
0.07793271
0.0718464
0.05578093
0.058167156
0.05881958
0.057983346
0.061170936
0.06185068
0.061948474
0.060387924
0.0654839
0.058045432
0.05399555
0.052916676
0.06180373
0.13633308
0.92069364
0.104782335
0.056673065
0.05076921
0.08003589
0.9198387
0.93364793
0.9300283
0.90306026
0.8849784
0.062353574
0.044313956
0.05319653
0.08679362
0.82760715
0.091206916
0.05105741
0.045366805
0.044726297
0.051245935
0.08992864
0.8259844
0.7912841
0.7629179
0.8112038
0.14284839
0.13628395
0.77379066
0.093869716
0.074651755
0.0982679
0.83125937
0.08145324
0.050192762
0.046144016
0.06569528
0.9046989
0.9417519
0.9332597
0.91562426
0.94175583
0.8924293
0.061900795
0.046874154
0.0560314
0.094305255
0.8810629
0.116978
0.09033598
0.12482444
0.81630474
0.10185682
0.0603391
0.057176236
0.055513766
0.05704118
0.058294304
0.060945686
0.057715442
0.055859745
0.056195866
0.059586138
0.09309612
0.10952697
0.8293843
0.42366448
0.53651804
0.88503164
0.8513027
0.8646847
0.91769695
0.9273522
0.9152448
0.8424108
0.8057413
0.81292987
0.8576374
0.9006218
0.88593966
0.874998
0.8746352
0.88923585
0.16292386
0.19241877
0.11151856
0.13803987
0.29478636
0.7300916
0.737396
0.73823136
0.73421454
0.7507654
0.75826865
0.78409594
0.7912631
0.7751439
0.7687369
0.18452959
0.21272446
0.12258148
0.13649276
0.1293975
0.1646347
0.74133873
0.8819071
0.87453866
0.9092019
0.89623594
0.801291
0.80831784
0.8856829
0.911221
0.91869956
0.923098
0.93007773
0.9165764