0.33651102
0.2511888
0.27182308
0.53950787
0.7929803
0.8682396
0.77996016
0.6654835
0.3973651
0.4442044
0.43662804
0.8635358
0.9142522
0.910963
0.85407215
0.8123203
0.8160603
0.8506004
0.8905153
0.8382426
0.82635564
0.90137833
0.19469938
0.12170708
0.12821057
0.06569209
0.06645529
0.0626715
0.07902519
0.09445321
0.117318
0.06268558
0.056967117
0.07969684
0.053192217
0.076955564
0.06839893
0.14588483
0.9453238
0.95381385
0.9272028
0.07390231
0.041101173
0.044661235
0.056654103
0.07748982
0.88912284
0.9403465
0.077357
0.04116783
0.033849478
0.033884536
0.036838435
0.07695196
0.92903435
0.9329268
0.9381943
0.94829905
0.9292122
0.9112744
0.9404163
0.08824685
0.036268942
0.040006023
0.035740845
0.054616928
0.08737861
0.8899142
0.93466717
0.095941655
0.06481634
0.07670033
0.071422726
0.13087079
0.8563295
0.11544722
0.06773307
0.07190226
0.121801294
0.12865621
0.9387162
0.95216936
0.917381
0.08184698
0.07065982
0.08766798
0.053226594
0.08478778
0.078850746
0.08106645
0.07683155
0.06363681
0.0665452
0.060800694
0.061031148
0.07315053
0.083773054
0.168312
0.21754865
0.8392738
0.8132653
0.8965998
0.40181687
0.15058696
0.19369078
0.19769582
0.48403335
0.89042836
0.19713491
0.09575003
0.070496604
0.10791192
0.07315856
0.06966795
0.15464458
0.30199975
0.8942078
0.8913194
0.878696
0.8834797
0.12989645
0.081776306
0.05845649
0.06692422
0.072720245
0.074643515
0.0851364
0.2664096
0.915217
0.82831126
0.9221024
0.1629345
0.074880674
0.058315504
0.054805316
0.09187288
0.07279014
0.08246296
0.08773799
0.08708174
0.081757404
0.077564456
0.075131886
0.12946798
0.909164
0.121028304
0.10431967
0.07763519
0.16120121
0.89845824
0.2156429
0.1615304
0.3134398
0.9316032
0.937808
0.06714025
0.04168478
0.039893366
0.05952976
0.8877302
0.8987541
0.91788894
0.9285378
0.92962617
0.9315019
0.23539369
0.13190287
0.7265536
0.127114
0.13821647
0.89619344
0.9213899
0.1491981
0.14020069
0.12385351
0.7357414
0.11710933
0.09269302
0.12819685
0.7686172
0.34066308
0.887874
0.28135088
0.115057126
0.1780039
0.1780569
0.12121625
0.20627393
0.124347545
0.2254557
0.27739528
0.32373133
0.3597728
0.31533113
0.2512615
0.87846667
0.8660879
0.8349352
0.8595395
0.9157802
0.92384523
0.89884543
0.9167634
0.9079217
0.10547178
0.09578065
0.1106928
0.120286606
0.13791865
0.16357994
0.19060126
0.7745921
0.8896873
0.8832788
0.91288203
0.90100735
0.8130618
0.7844642
0.8296189
0.8919117
0.9098403
0.9084376
0.89709806
0.9047997
0.9081263
0.90395916
0.8865305
0.87523675
0.880004
0.89470357
0.89078915
0.91092676
0.92395073
0.93039936
0.9258617
0.8654841
0.19056426
0.056416024
0.049356647
0.074620195
0.046401873
0.050239313
0.109641984
0.24025325
0.90185297
0.92341965
0.9379313
0.9373579
0.93074787
0.9051824
0.92460907
0.8938005
0.8884963
0.08102447
0.051940072
0.039364833
0.040063716
0.04801512
0.054076914
0.0725618
0.13478364
0.82361585
0.8556984
0.8919747
0.9272502
0.92780304
0.8882367
0.8489052
0.83049095
0.8231174
0.8207424
0.831353
0.87200063
0.8566126
0.8664578
0.7228962
0.53601485
0.41989732
0.4669881
0.346859
0.30198795
0.32389158
0.16650794
0.14935234
0.25194606
0.28197545
0.8712305
0.8618543
0.83610594
0.8527614
0.8896096
0.8721539
0.8696158
0.906088
0.91871333
0.9190332
0.90556383
0.843892
0.82589465
0.8959677
0.9113922
0.08874897
0.06023402
0.09479963
0.1192345
0.12675044
0.91160357
0.87133867
0.07635744
0.04725257
0.04115412
0.05281841
0.058377795
0.07693496
0.1513013
0.93109614
0.13396119
0.05609089
0.042404756
0.04858552
0.05512238
0.04751242
0.09426141
0.92764467
0.94319326
0.9501686
0.9591406
0.93246615
0.057560198
0.037775762
0.035659056
0.037496395
0.037387524
0.06407045
0.113720596
0.9106661
0.9457198
0.18176533
0.098931134
0.051719576
0.055259846
0.058209002
0.11018679
0.12774323
0.8929051
0.11646045
0.08912394
0.08481736
0.0798997
0.10510483
0.8758697
0.80086744
0.8699791
0.75896007
0.7447497
0.73235273
0.76560634
0.096948825
0.07831014
0.09468396
0.80965585
0.11083548
0.058560114
0.07728356
0.07186701
0.05845383
0.24948706
0.9283182
0.9417165
0.9332895
0.9443701
0.9433967
0.89979404
0.9305193
0.07853513
0.03867761
0.037224412
0.04592449
0.059081163
0.13149764
0.8684869
0.86098707
0.11030934
0.058049574
0.052120756
0.06706974
0.07679759
0.06745142
0.06845866
0.08614084
0.09409611
0.18606171
0.19084358
0.30330276
0.1912848
0.15426719
0.10888359
0.08855169
0.12444811
0.12427667
0.12715858
0.22691898
0.48955703
0.74445426
0.84457695
0.766876
0.84917283
0.7432185
0.7476794
0.15645412
0.094337754
0.15547141
0.09647154
0.080443755
0.065776676
0.052522767
0.059479866
0.08184967
0.851364
0.9215092
0.13891782
0.15792672
0.16933267
0.23965631
0.88743293
0.17781593
0.17657113
0.8726775
0.9187765
0.13674033
0.06516738
0.03875911
0.03841769
0.05623134
0.8858132
0.9164693
0.93347585
0.93329734
0.9450201
0.06225225
0.042007722
0.039310038
0.050836045
0.08903169
0.8721613
0.8508414
0.8417904
0.80115294
0.8317749
0.2820619
0.17462051
0.75171536
0.13876872
0.117818795
0.12541853
0.13911584
0.78549176
0.7933351
0.15609531
0.19737233
0.10576224
0.16798545
0.12996177
0.21176583
0.21427853
0.22259484
0.51762015
0.88654953
0.8986175
0.79147434
0.74784374
0.8408216
0.7407579
0.6864879
0.16330385
0.12390815
0.15347193
0.14041214
0.26190352
0.33213347
0.30187953
0.38696325
0.3079178
0.8577492
0.79607564
0.76890934
0.7566728
0.72357976
0.74414414
0.18559265
0.17518252
0.8590541
0.10392267
0.08323382
0.08430295
0.12345711
0.85495013
0.1542438
0.057128325
0.04452798
0.04511662
0.047451243
0.058578495
0.12072426
0.92029524
0.11658292
0.09726237
0.0790161
0.05814068
0.050747592
0.101682395
0.93493366
0.9421557
0.92627114
0.9313682
0.0625389
0.036514834
0.035504743
0.041871466
0.05584499
0.096418135
0.8738608
0.12488596
0.070090555
0.075738005
0.12673134
0.8655721
0.12068664
0.060329128
0.04997165
0.049666993
0.047537565
0.046549726
0.067513034
0.10127616
0.9115156
0.85516644
0.9150571
0.081212424
0.049212445
0.040761225
0.038652476
0.056888547
0.066510096
0.08696806
0.15324286
0.88832253
0.93281835
0.9426367
0.93601954
0.8791831
0.919885
0.8735931
0.072248384
0.08132598
0.051856298
0.046453718
0.043914407
0.045371495
0.06884605
0.9164249
0.9528139
0.93250626
0.07631157
0.047616854
0.06754222
0.08902746
0.087919295
0.063903056
0.05275938
0.052369624
0.058675777
0.10452051
0.8489009
0.24056031
0.14701523
0.13648252
0.07630437
0.07482791
0.12400152
0.84410244
0.8695878
0.92634296
0.9182408
0.77497905
0.74395335
0.1393802
0.15786526
0.21063012
0.17861119
0.18438919
0.18719158
0.68899405
0.38615668
0.265734
0.38828942
0.7789016
0.8663611
0.8131136
0.8454567
0.792027
0.843146
0.81755596
0.8993799
0.9110182
0.8395646
0.08405385
0.067598306
0.05956371
0.04253718
0.057674963
0.07661311
0.91256267
0.9471313
0.9195705
0.08621034
0.08008846
0.057762437
0.08736193
0.115798935
0.099743694
0.8631721
0.932446
0.9343685
0.3029865
0.18698674
0.15065266
0.10289579
0.090627015
0.11518454
0.9021239
0.8982971
0.874136
0.84836966
0.8382414
0.8847011
0.93362224
0.93291163
0.8679119
0.09585618
0.12663029
0.1410293
0.124894924
0.14031279
0.25312167
0.90797573
0.92337054
0.8542371
0.86414856
0.18606262
0.19673954
0.2153547
0.73915464
0.8107266
0.8774735
0.7725253
0.24258062
0.15701583
0.14307123
0.19335909
0.86864984
0.91465276
0.92968714
0.93384415
0.92590517
0.9065257