0.8676841
0.82952154
0.73305017
0.3586519
0.34282675
0.7696524
0.45915774
0.39031798
0.8473076
0.89228797
0.14361319
0.10888717
0.14245339
0.7045453
0.14929555
0.19320844
0.17270239
0.774192
0.10538503
0.07970048
0.08404046
0.8513498
0.91859496
0.90233403
0.9110091
0.9405684
0.940957
0.8910309
0.8612662
0.07045201
0.061815396
0.09224542
0.7954622
0.1529376
0.09504655
0.06504842
0.10011931
0.090658404
0.11064535
0.806886
0.21111341
0.08415449
0.08651103
0.10932555
0.78415895
0.09082564
0.051495202
0.045946073
0.044643395
0.055071704
0.094450526
0.9366752
0.9418471
0.19963676
0.16423038
0.13435681
0.83267653
0.074946366
0.046740126
0.045255605
0.05505091
0.08457984
0.91532946
0.8997785
0.9067743
0.07324513
0.042253625
0.040196463
0.044493165
0.070713274
0.81153136
0.82073474
0.14958318
0.1521241
0.26008424
0.8857907
0.94316715
0.11783137
0.11763086
0.046948902
0.04161944
0.045588765
0.045913454
0.046904277
0.050814778
0.07152282
0.13246569
0.83137757
0.91261375
0.40292528
0.14728725
0.120720334
0.14427619
0.86143357
0.77198154
0.31982332
0.4870755
0.9139465
0.9344651
0.08799145
0.0446082
0.041166455
0.04706812
0.072183415
0.7724891
0.7760347
0.8513921
0.10901849
0.07585394
0.046792652
0.047414474
0.07865875
0.9037411
0.936322
0.26138443
0.15808368
0.80092186
0.074032
0.049654324
0.05123785
0.101963155
0.9274439
0.92715126
0.14706124
0.13276403
0.8405374
0.84221905
0.8637962
0.9224722
0.14789706
0.16069415
0.87146956
0.08141821
0.050081898
0.05373157
0.07732785
0.75972104
0.1619871
0.19011442
0.88480914
0.10024126
0.059609376
0.05620554
0.08240566
0.21989466
0.9357833
0.9424374
0.9341555
0.086885974
0.07100922
0.05879911
0.065528765
0.11675488
0.83294034
0.8695187
0.34095046
0.31791434
0.7062663
0.68463975
0.12997991
0.11375878
0.11540565
0.28200632
0.89253974
0.9022305
0.78863955
0.7189559
0.6980579
0.73918647
0.81393516
0.8855129
0.8555691
0.4351029
0.5750816
0.77946633
0.32260832
0.31198183
0.7924328
0.90640885
0.9276467
0.9053273