0.8590039
0.9163749
0.92930526
0.9227216
0.89686173
0.889248
0.8344493
0.8448567
0.3896466
0.31798586
0.16739148
0.1578283
0.23284905
0.73948693
0.7673844
0.7996585
0.83187234
0.23443046
0.08575338
0.07021047
0.08022175
0.07439999
0.06813607
0.063820474
0.066144004
0.093938276
0.1175686
0.84986883
0.8836578
0.90108347
0.90612364
0.93082285
0.8314764
0.084057495
0.058086235
0.06535644
0.0830901
0.13521022
0.85396254
0.79142976
0.88842297
0.88898885
0.7276031
0.56469774
0.22759071
0.20963544
0.25182626
0.8726309
0.92044437
0.18244906
0.06751407
0.05202127
0.052496195
0.059726868
0.09670871
0.86164635
0.8868221
0.9489745
0.9528332
0.9128443
0.11154838
0.046144266
0.044389393
0.055018608
0.08264097
0.20440724
0.88164186
0.2090557
0.19217177
0.23700897
0.7411832
0.736232
0.7576936
0.79115134
0.8923772
0.35070437
0.13259707
0.14850691
0.6426756
0.18870148
0.165279
0.22426268
0.90103173
0.26916
0.08084469
0.05940143
0.052510332
0.06181871
0.107259035
0.88170004
0.17830725
0.16684337
0.74931186
0.23420581
0.7934858
0.08042276
0.045007333
0.037723783
0.0406279
0.057638872
0.8724358
0.9084845
0.9279233
0.9437723
0.9188909
0.8938422
0.9309964
0.88430685
0.071113884
0.06295694
0.09183303
0.8728345
0.07797891
0.050729275
0.04523276
0.063481055
0.8871747
0.9028133
0.9261887
0.9219161
0.8808624
0.89366174
0.059161074
0.04097677
0.041145127
0.062210526
0.88129574
0.9342481
0.940945
0.09628948
0.0736265
0.095114365
0.7474815
0.083776176
0.05124144
0.049354944
0.05792801
0.09257007
0.8715354
0.3623901
0.85479146
0.17893186
0.17570296
0.7787889
0.8836009
0.14414312
0.099152535
0.13406996
0.10906367
0.8367744
0.8317694
0.8682307
0.929469
0.91961557
0.119146615
0.10994888
0.08428187
0.1821143
0.86564255
0.9236074
0.9226101
0.85679066
0.89864093
0.8402799
0.076737836
0.056474537
0.05461996
0.052893087
0.0673423
0.14369316
0.76191074
0.23522308
0.20238827
0.5478322
0.86551636
0.8339906
0.88403124
0.85483354
0.87775815
0.81784356
0.82747525
0.24641684
0.19180512
0.29565567
0.87282556
0.92197144
0.9079375