0.29021305
0.20811254
0.20718227
0.26949963
0.38473955
0.7544985
0.8988092
0.9009551
0.7658226
0.75445044
0.12475366
0.08561985
0.09403027
0.07724201
0.072910964
0.115341276
0.15469667
0.8034385
0.17404202
0.13599434
0.13396053
0.068394594
0.06617785
0.09537445
0.7677373
0.8078226
0.16539773
0.10926394
0.16082792
0.82928914
0.82105225
0.81341386
0.8760661
0.069777295
0.03834605
0.034399703
0.0360428
0.043314636
0.045837507
0.041601516
0.056556962
0.8719566
0.89062464
0.9176624
0.952185
0.9338007
0.9082738
0.8707743
0.89742947
0.05549998
0.03646827
0.035059944
0.0385
0.040619966
0.040756606
0.048109498
0.08403967
0.87058836
0.80353856
0.8248928
0.16881114
0.13880135
0.2310574
0.8282744
0.8256379
0.09145047
0.0639579
0.06480261
0.09194691
0.1698237
0.2634311
0.78140825
0.7824352
0.9028375
0.91169316
0.75906515
0.091262914
0.07670906
0.07841165
0.10855258
0.85060775
0.20743358
0.18406259
0.8531403
0.12911452
0.10689814
0.17902485
0.8335795
0.81771606
0.8068589
0.8713314
0.0737909
0.045134265
0.045105267
0.05283998
0.056674257
0.0916964
0.85921097
0.12146338
0.08690994
0.11221797
0.8466743
0.08783835
0.05593322
0.058250237
0.100188166
0.9366751
0.956335
0.9538284
0.06890438
0.04335851
0.04836018
0.07676081
0.801601
0.10546759
0.07939161
0.12992886
0.8723761
0.8376424
0.9319344
0.0909269
0.052889645
0.06331557
0.08660043
0.06238635
0.089731716
0.83128464
0.77681446
0.76536584
0.7756045
0.20839842
0.14586969
0.17352748
0.87127215
0.81664985
0.8873675
0.21242256
0.17193268
0.71114844
0.10512967
0.07982253
0.08344154
0.13872091
0.81080407
0.8720528
0.5817041
0.44093728
0.17666318
0.13899104
0.23764595
0.13567828
0.13012668
0.14717385
0.27174556
0.16005093
0.15776008
0.19845164
0.7598598
0.8997036
0.9219376
0.90437734
0.7930323
0.791826
0.8429287
0.77607685
0.6978168
0.7289802
0.8339016
0.78744155
0.8630051
0.2482617
0.40318856
0.88730323
0.08651522
0.056012142
0.0511093
0.094974495
0.18536003
0.9102696
0.8993676
0.88156456
0.88541067
0.09361795
0.060415145
0.050440766
0.053084828
0.087544605
0.75052345
0.2260856
0.2674985