0.86495906
0.86426926
0.8612881
0.88849825
0.851695
0.3941962
0.44729352
0.27147773
0.26098445
0.6447086
0.8064766
0.726234
0.71649283
0.75507456
0.8588265
0.8505351
0.25364786
0.21794373
0.5364093
0.31145787
0.6063276
0.55417955
0.50774425
0.31138724
0.38114062
0.25751546
0.21997833
0.29252246
0.33921418
0.87070394
0.9168064
0.9150374
0.8460132
0.78190863
0.7607411
0.78613544
0.8723947
0.8997757
0.8893694
0.7947797
0.6841291
0.6511179
0.6185977
0.24181147
0.22476673
0.6676266
0.7350019
0.15040003
0.13144283
0.07969458
0.08627912
0.11501872
0.79389316
0.8026177
0.81751597
0.1003782
0.06903106
0.079558074
0.14280495
0.15415846
0.7340092
0.72597337
0.31436002
0.38285688
0.85391176
0.50475335
0.25396398
0.20795166
0.18987855
0.17085905
0.21914281
0.86653936
0.15978777
0.15494952
0.09730605
0.10370662
0.17246796
0.77933675
0.13819061
0.114204384
0.10444349
0.098562956
0.08853927
0.0710268
0.07111902
0.089679174
0.15537341
0.91580397
0.12542912
0.06440065
0.055583697
0.05101462
0.05122392
0.051191065
0.050475907
0.049553614
0.046115648
0.04706145
0.052573632
0.068810396
0.15981653
0.94748706
0.9545279
0.93384624
0.074350335
0.05037975
0.042041726
0.06148907
0.86357385
0.885821
0.9143132
0.95109487
0.9516887
0.92302465
0.07797953
0.05010218
0.06906943
0.10038455
0.8719095
0.86435086
0.8143278
0.8765395
0.11913447
0.07984216
0.11530524
0.8857068
0.92502403
0.07253128
0.045371845
0.042495266
0.06569712
0.9138663
0.94793975
0.9340705
0.9456356
0.12618783
0.064632304
0.05752621
0.08165448
0.7954314
0.8718555
0.10381312
0.05475187
0.057364736
0.062110875
0.059391975
0.06306223
0.083575755
0.061438147
0.059139293
0.0674524
0.095190115
0.77374774
0.14437242
0.12759846
0.18707658
0.89626646
0.13201594
0.070798725
0.059062447
0.05390179
0.06287954
0.12084654
0.83502734
0.76190007
0.7628534
0.74212617
0.43641108
0.41653505
0.39764157
0.32279482
0.13248277
0.15027112
0.107294664
0.11479547
0.19678324
0.28877333
0.7179719
0.71408135
0.40942776
0.17480369
0.18502064
0.2745428
0.22097434
0.29510048
0.68450207
0.2517827
0.32963225
0.19279276
0.21589684
0.22021179
0.20716248
0.2693134
0.3499988
0.6495549
0.66455775
0.6917121
0.7763086