0.80991304
0.8488335
0.7529604
0.41308227
0.4372218
0.41715676
0.25270912
0.24392688
0.25351238
0.6921497
0.82852304
0.6998544
0.62305063
0.609343
0.17635526
0.14296558
0.22690201
0.19921152
0.73441815
0.7779651
0.83897823
0.89405787
0.9277128
0.927903
0.9003843
0.8770128
0.3507272
0.8129394
0.19137774
0.13496785
0.14984691
0.88208354
0.90805405
0.79147315
0.08561798
0.060382105
0.07318048
0.120869525
0.8297529
0.08601139
0.04826915
0.04077141
0.039270137
0.043659978
0.09083227
0.9175526
0.9301925
0.9545741
0.94862753
0.10672769
0.06569249
0.08826434
0.10761603
0.8656031
0.14848784
0.140172
0.73972404
0.11946895
0.07950622
0.09381799
0.1587641
0.8906221
0.7747891
0.24123083
0.74613833
0.08816854
0.05937361
0.047748946
0.04372199
0.058399253
0.14103438
0.94618034
0.9539636
0.9078359
0.06869948
0.043526314
0.04743477
0.06708444
0.123610735
0.15176909
0.7963544
0.33423287
0.881193
0.91363215
0.12512612
0.09747301
0.14443548
0.22067949
0.8119883
0.11056902
0.09483096
0.08595018
0.067997314
0.11454603
0.11504287
0.06210498
0.0669642
0.08397702
0.7750939
0.13246934
0.118992165
0.8219283
0.92842954
0.15543829
0.13337249
0.12321245
0.83561826
0.06973497
0.041055404
0.035197046
0.0376202
0.057903487
0.9231727
0.95719
0.9638031
0.95394427
0.05544125
0.0332376
0.033853266
0.0404548
0.07151755
0.87729317
0.1768047
0.15974218
0.30022871
0.915539
0.8920982
0.91059244
0.13978304
0.124446005
0.6740563
0.25249967
0.85769045
0.8709555
0.9292955
0.9303661
0.85736823
0.21669069
0.10731483
0.20335436
0.8620046
0.11556712
0.085864946
0.047470912
0.057062235
0.052495472
0.0628489
0.08177396
0.93665737
0.943646
0.95664763
0.91714317
0.05798478
0.038536306
0.046569984
0.048626613
0.06053256
0.08496046
0.14957242
0.8609855
0.82048047
0.19023243
0.12333257
0.16964276
0.85056585
0.91810745
0.92898685
0.91762257
0.86514974
0.88107705
0.8418393
0.8394578
0.8673347
0.90602505
0.8531134
0.8332277
0.09332771
0.06962248
0.08859692
0.10766205
0.11937258
0.25678393
0.37608284
0.30682096
0.8153879
0.27160597
0.17354149
0.17381912
0.22482476
0.7384508
0.84419477
0.7472981
0.17871773
0.12334549
0.14212315
0.19847585
0.23947766
0.26590914
0.83882916
0.9066656