0.6631303
0.45470765
0.6268165
0.8523811
0.77510875
0.18551184
0.11579904
0.13180487
0.1003375
0.082682654
0.10626337
0.08937301
0.08439997
0.1001581
0.10839277
0.14594223
0.89143324
0.14031507
0.09914023
0.06634891
0.08996512
0.059310496
0.05177746
0.06799484
0.051835835
0.057803374
0.11639647
0.24565773
0.93840134
0.94640696
0.8802681
0.83332825
0.87627053
0.086741194
0.06099151
0.05397378
0.04437409
0.05716909
0.06499268
0.09017359
0.7821251
0.78383005
0.776595
0.79625815
0.8260181
0.8942055
0.8584741
0.8513161
0.9119266
0.9087085
0.11893109
0.08818113
0.12105282
0.12555686
0.86957884
0.92547685
0.88800234
0.832075
0.81351984
0.11431299
0.12861016
0.100545734
0.13573971
0.86258686
0.7783936
0.7534232
0.7894957
0.8836945
0.29942092
0.14186102
0.14210358
0.7705689
0.92513776
0.9439291
0.10529306
0.047449704
0.038751658
0.045652505
0.05525744
0.07544464
0.1407699
0.92670023
0.13311726
0.056794588
0.043347523
0.044129543
0.058806363
0.08694117
0.9359711
0.926499
0.9082371
0.08506152
0.06883535
0.09045308
0.8999413
0.9222342
0.9332051
0.90658504
0.8792273
0.8854744
0.93017745
0.9330342
0.9146767
0.10022886
0.12628187
0.13295011
0.8991776
0.92426664
0.08118919
0.065912105
0.083107114
0.053175148
0.083934166
0.09526163
0.86179763
0.9123017
0.84242994
0.8102927
0.7941168
0.797823
0.22308904
0.1202204
0.17537075
0.17955369
0.13533549
0.19385174
0.36685115
0.8331073
0.2347389
0.20007487
0.32357043
0.78083086
0.8644628
0.8099262
0.7889165
0.7920636
0.8110635
0.873993
0.8002984
0.17574635
0.09110902
0.07778399
0.07065732
0.08768899
0.17681727
0.34671578
0.30042624
0.31539246
0.40115836
0.2911486
0.4418972
0.8025163
0.8952607
0.8886638
0.7385286
0.20052156
0.18974529
0.21240391
0.6878737
0.6743122
0.38900703
0.3022655
0.47740433
0.82704014
0.7638269
0.72289586
0.74957544
0.8004719
0.85616064
0.8932676
0.8787249
0.86558855
0.8757246
0.82555145
0.7965615
0.8239539
0.8964097
0.9173751
0.92045856
0.91754454
0.91186863
0.89752656
0.90901524
0.90363157
0.83455217
0.8682119
0.13751239
0.18642202
0.16246612
0.85943305
0.1404486
0.08266239
0.11197574
0.85582644
0.87521434
0.90903944
0.92707247
0.2810073
0.13842818
0.24454194
0.82151204
0.8485956
0.89218384
0.14453283
0.15060094
0.21672972