0.75354105
0.7254383
0.7306638
0.74254054
0.79563016
0.88295764
0.77204454
0.77054477
0.07933623
0.054406386
0.049589504
0.048767414
0.063317224
0.0614305
0.06472178
0.10844096
0.092844844
0.19899568
0.9341681
0.8957314
0.105800726
0.05197239
0.058965225
0.045040794
0.05281311
0.04316396
0.03875472
0.044111587
0.06915571
0.9338784
0.9500896
0.9561942
0.9274947
0.86398524
0.8879683
0.047813594
0.029932972
0.027805457
0.027025385
0.030786421
0.04675549
0.90034866
0.93297625
0.9513512
0.96156067
0.9574805
0.9165519
0.043848872
0.028747046
0.028683804
0.033162832
0.039482962
0.07212263
0.936993
0.9461255
0.90668935
0.07887846
0.045212608
0.040574696
0.060251378
0.062385965
0.06850441
0.07781432
0.08519554
0.2201777
0.93784666
0.9398043
0.8414161
0.1226567
0.0768792
0.08570201
0.0718909
0.11446965
0.17868686
0.11034666
0.09518457
0.14773957
0.16938986
0.71317774
0.32881293
0.18024835
0.18972592
0.25696352
0.22393057
0.12349198
0.1122364
0.13895586
0.8559809
0.7415557
0.21816862
0.12205296
0.11543607
0.23561902
0.9091652
0.91649306
0.120916314
0.10317377
0.10370942
0.8097329
0.934917
0.9529146
0.10090382
0.04887767
0.033995464
0.034308795
0.038175657
0.038031876
0.03719368
0.038863078
0.044942837
0.09129187
0.9326539
0.9033731
0.36731836
0.8079356
0.24802351
0.8261803
0.9076872
0.93494207
0.9393413
0.93490374
0.89864707
0.841775
0.22841172
0.77267003
0.3584728
0.90084785
0.9044237
0.10818863
0.07057144
0.08151718
0.059466753
0.044536073
0.05803919
0.045094907
0.045453455
0.06801879
0.08615887
0.8747412
0.9192126
0.92087764
0.18889856
0.2895091
0.16199318
0.71817815
0.09980558
0.07727335
0.09622346
0.7817955
0.13998078
0.119385004
0.87090343
0.93892336
0.941967
0.8852743
0.12288257
0.13363051
0.81723845
0.14165658
0.06016164
0.07061549
0.081248544
0.09196822
0.07693107
0.12983143
0.8132603
0.78710896
0.11087956
0.08220404
0.08969005
0.18682523
0.87691927
0.34894052
0.35794753
0.19673847
0.27541712
0.7308194
0.86151034
0.75671864
0.10114622
0.07077623
0.08534466
0.112957485
0.9028309
0.86901754
0.13547233
0.05842855
0.05164064
0.06526056
0.89407134
0.9480318
0.9554168
0.9454503
0.07051422
0.044996973
0.052593313
0.08580919
0.7897937
0.7333283
0.72927094
0.19533694
0.21846233
0.12977932
0.15895782
0.88735634
0.92282516
0.9368289
0.93615764
0.92677784