0.8714385
0.20483467
0.121250145
0.09845256
0.1261818
0.11098764
0.16443805
0.88932896
0.81607944
0.922327
0.10308565
0.06362863
0.077884525
0.093478985
0.054951675
0.06874988
0.08289763
0.8610778
0.91551197
0.83486295
0.81741637
0.85208744
0.9351208
0.900052
0.06875559
0.0606322
0.0460712
0.054962955
0.07504929
0.06626332
0.08772043
0.8246906
0.92066944
0.92908984
0.82449454
0.816282
0.13166118
0.080088966
0.051078565
0.052671727
0.07151881
0.8420768
0.9423316
0.94975
0.0916187
0.041344598
0.034979038
0.036607902
0.054564826
0.87612504
0.9212485
0.95809364
0.9547322
0.06597839
0.03970195
0.04282143
0.061504878
0.10826181
0.8954387
0.0996011
0.061081834
0.064259075
0.10606168
0.12501888
0.8310827
0.92505515
0.93891895
0.099966526
0.061935328
0.050287403
0.054056868
0.08543103
0.7520895
0.78014594
0.77603745
0.16622815
0.19172835
0.19593453
0.8050036
0.14225103
0.15712601
0.2222322
0.8872299
0.9310573
0.9293064
0.85875887
0.8495946
0.91803074
0.9195924
0.13496862
0.10238934
0.103388146
0.7337013
0.12855114
0.11608933
0.10535876
0.74199826
0.78101027
0.83212197
0.9367129
0.9445638
0.9309844
0.073693894
0.058589384
0.055193346
0.04449235
0.07132565
0.8756657
0.8927034
0.91638917
0.9356605
0.9283902
0.9393211
0.9356003
0.9200985
0.07332663
0.06009593
0.10392203
0.15264827
0.16929758
0.91608524
0.93510133
0.08615797
0.052113064
0.046831712
0.045523975
0.058282826
0.06813239
0.12777832
0.14243735
0.23253323
0.27237815
0.8937626
0.80035025
0.7353487
0.7951164
0.91002166
0.9203482
0.83997244
0.805898
0.2895265
0.1866819
0.25551462
0.1260034
0.06780996
0.064317755
0.08636527
0.16642167
0.14622582
0.21167158
0.24848142
0.8453261
0.6906564
0.1679118
0.140338
0.16467889
0.24854667
0.20719233
0.7808558
0.8318647
0.870336
0.90779924
0.8342476
0.77960086
0.33326155
0.2669766
0.8868812
0.9131737
0.24468696
0.105232134
0.10775112
0.8440636
0.9207525
0.84098834
0.8172708
0.10241684
0.08285154
0.16533162
0.90439725
0.90848845
0.24286997
0.34658197
0.88944507
0.7996177
0.09232133
0.078351974
0.06901532
0.07294101
0.11172655
0.88392806
0.8291474
0.1152334
0.11956407
0.051053967
0.04631705
0.04692704
0.07094106
0.83779347
0.83031815
0.9238523
0.08926019
0.057978895
0.05461858
0.12156563
0.92120636
0.9385744
0.9251534
0.89146894
0.8769126
0.8923526
0.9362404
0.9051226
0.055703208
0.033735655
0.031684987
0.03611684
0.0405609
0.043627266
0.043159746
0.049865227
0.0691063
0.100555815
0.8320375
0.9050299
0.82284933
0.8534861
0.922093
0.925041
0.8608427
0.8233683
0.83052194