0.33899263
0.2612393
0.26867926
0.3751353
0.2725512
0.4890594
0.25239527
0.23455705
0.2942555
0.62648
0.7976723
0.71325654
0.7557707
0.8760086
0.88420105
0.716163
0.13251977
0.08934239
0.09504512
0.1166513
0.17467059
0.13931943
0.16375948
0.88080174
0.90894246
0.13381481
0.110031925
0.14729387
0.7440802
0.14099036
0.099694036
0.16317445
0.16764885
0.8016699
0.09338346
0.058494348
0.05303551
0.05949902
0.079400815
0.7308862
0.124585815
0.11191999
0.79648525
0.91983044
0.28688467
0.34333998
0.91176105
0.07146741
0.037694626
0.03206656
0.03134553
0.03509955
0.055329714
0.9266499
0.95940024
0.9663235
0.9576673
0.052541964
0.030268371
0.029074492
0.030918589
0.037025947
0.05996679
0.78739136
0.19385716
0.3315856
0.9218838
0.90420663
0.92164415
0.13582359
0.12780562
0.676146
0.25468954
0.8397606
0.7765605
0.7829885
0.8794437
0.7794409
0.83670926
0.079812825
0.049473725
0.037293494
0.043056462
0.04535038
0.043720845
0.04176092
0.04198243
0.06414001
0.9216947
0.9542332
0.9321666
0.95242816
0.060203753
0.03363399
0.031623103
0.03465849
0.049175773
0.06330222
0.054231033
0.0944621
0.17023098
0.91813266
0.8911027
0.93514293
0.93630224
0.9184676
0.11010181
0.08024379
0.17517601
0.8897239
0.9362927
0.8801641
0.93825895
0.09314668
0.043738227
0.035313573
0.039530225
0.044575404
0.06564476
0.09943203
0.8081414
0.13412271
0.1199048
0.122651406
0.21411993
0.834883
0.12012313
0.07631685
0.06993223
0.06537369
0.07454256
0.11406479
0.11252824
0.09382953
0.12182916
0.16771598
0.084481396
0.07076862
0.077457085
0.12789941
0.13234733
0.16406868
0.8947233
0.13974257
0.09777873
0.14243431
0.91954964
0.8988644
0.08514575
0.045956377
0.035328977
0.033685263
0.032578953
0.032410737
0.0352345
0.052151788
0.90067756
0.92605406
0.95411223
0.95915055
0.95377636
0.87445205
0.8812221
0.051189326
0.034981474
0.039517842
0.056512263
0.045078207
0.04872944
0.074122
0.07928096
0.053766664
0.054346997
0.07777967
0.8701528
0.9183409
0.8482484
0.1318157
0.1426282
0.08235205
0.055901226
0.06380451
0.098692134
0.82157046
0.9042424
0.15896495
0.116117425
0.16397022
0.7335816
0.13560992
0.12710907
0.103273496
0.15691851
0.2018674
0.84428006
0.75175947
0.8276294
0.6978318
0.6888598
0.84205896
0.1652325
0.11840022
0.13310097
0.74415857
0.7936288
0.8925583
0.78556705
0.1383317
0.1342983
0.34071484
0.775177
0.9172232
0.09467574
0.06224247
0.0493283
0.05193891
0.08450755
0.87964326
0.11812307
0.094232865
0.11796709
0.9179806
0.93676835
0.95304483
0.91685617
0.9434175
0.05888715
0.03514964
0.0326072
0.035597496
0.041464433
0.05146225
0.09030279
0.17727886