0.8721341
0.8990454
0.169539
0.13783793
0.21262734
0.22137794
0.73804665
0.14105418
0.12595122
0.6570169
0.22392225
0.7782967
0.86381173
0.925261
0.84317636
0.22810039
0.726605
0.17200924
0.18134849
0.7825609
0.11733336
0.08699416
0.067145415
0.09133973
0.8107827
0.92127717
0.93220824
0.8499136
0.10530364
0.12060008
0.051877942
0.053196765
0.048665598
0.04878906
0.04959102
0.055423215
0.06739611
0.10544361
0.12594125
0.099984095
0.06663614
0.08707689
0.84950095
0.0967167
0.06570909
0.07955717
0.90524817
0.93655586
0.9633574
0.93567896
0.05485147
0.03302649
0.031148024
0.034968175
0.039184578
0.045836926
0.052595925
0.05817689
0.06517339
0.10039488
0.9209358
0.92232513
0.1548241
0.14522421
0.13818157
0.71527904
0.19656818
0.13862304
0.15828842
0.1842492
0.68427855
0.757343
0.89187795
0.91512316
0.89777505
0.7502606
0.583312
0.22813739
0.20212238
0.21080282
0.3335283
0.5682649
0.21345302
0.17783816
0.26083767
0.4025864
0.8985937
0.91768146
0.778437
0.11117207
0.10600207
0.08535861
0.095757954
0.79305273
0.9308994
0.94426143
0.87885606
0.08164085
0.044015665
0.037381478
0.0464416
0.042572297
0.056936305
0.092533104
0.9152909
0.9202692
0.9526925
0.085933946
0.059854563
0.039344463
0.044029135
0.04593692
0.056262724
0.14010783
0.89011145
0.9302685
0.8448698
0.122782566
0.1330657
0.1687689
0.12015976
0.19594765
0.13124777
0.15029335
0.20446831
0.15415174
0.12633625
0.13916047
0.732152
0.86357
0.7486819
0.24037401
0.13616903
0.13340706
0.74204135
0.8975984
0.9098691
0.12146008
0.1049269
0.10519429
0.8030001
0.9325426
0.9511
0.10670413
0.057336893
0.04577843
0.038011502
0.04500893
0.042629603
0.042131756
0.044652827
0.052098192
0.10228667
0.9086703
0.108786605
0.06345799
0.0702927
0.86817956
0.8983693
0.92921364
0.94640154
0.9487021
0.9437904
0.88403124
0.86959857
0.0665243
0.062840745
0.10287463
0.9111516
0.9087871
0.10967692
0.0695655
0.07617879
0.05653308
0.04382492
0.05052307
0.050574124
0.08067497
0.10541919
0.10503246
0.8738323
0.91265947
0.91300625
0.19580452
0.2864839
0.25296968
0.7839162
0.19936696
0.10786643
0.11630633
0.76708406
0.13910581
0.11611816
0.86328495
0.9360863
0.94353515
0.93096167
0.15803032
0.14130762
0.81225836
0.14995329
0.059266035
0.06558129
0.051262464
0.056955773
0.10607116
0.8411945
0.7949102
0.8699606
0.18358481
0.16478112
0.35509667
0.8451567
0.34085745
0.3448827
0.20225556
0.30364648
0.7406974
0.85003793
0.14168333
0.12203711
0.125342
0.7936864
0.85128367
0.9098068
0.83916444
0.80586964
0.8030901
0.101875946
0.06891512
0.08867634
0.1952868
0.2396987
0.1564444
0.15042457
0.7149404
0.2075695
0.15945259
0.15566474
0.23893319
0.8752319
0.8815128