0.33653888
0.25122425
0.27186581
0.5395343
0.7929498
0.86821055
0.779925
0.6654478
0.39744368
0.44426006
0.43672368
0.8635163
0.91423976
0.9109455
0.85401434
0.81225646
0.81600636
0.8505647
0.89050305
0.8382223
0.82634604
0.90137196
0.19474985
0.12173493
0.12823756
0.06570306
0.06646498
0.06267823
0.079036504
0.09446987
0.11734112
0.062694654
0.056975883
0.07972108
0.05320563
0.07698817
0.068420686
0.14591908
0.94531703
0.9538079
0.9271823
0.073910356
0.04110439
0.044664834
0.05665816
0.07749115
0.8891038
0.9403448
0.07735971
0.041169092
0.033850227
0.033885125
0.03683879
0.0769516
0.9290331
0.9329248
0.9381925
0.9482985
0.92921877
0.9112939
0.9404192
0.088242814
0.036266617
0.04000229
0.03573886
0.054611593
0.087375686
0.889927
0.93467414
0.0959361
0.06480823
0.07668521
0.07141901
0.13087432
0.85634184
0.11543247
0.06772288
0.07188437
0.12170243
0.12860481
0.9387269
0.95218056
0.91742337
0.08183772
0.07065692
0.08767481
0.053229466
0.08482275
0.07887622
0.08106364
0.07683493
0.06365241
0.06656673
0.060828228
0.06109372
0.07324502
0.083915
0.16869223
0.21796365
0.8390625
0.81329054
0.8966354
0.40285406
0.15101239
0.19429033
0.19827265
0.48417377
0.88982624
0.19863003
0.09658271
0.07103744
0.108866125
0.07355629
0.07000076
0.15488416
0.30016926
0.89362293
0.8901678
0.8776474
0.8838951
0.13063502
0.08198151
0.058489777
0.06775698
0.07448979
0.07623127
0.08604222
0.22993848
0.89383334
0.34603995
0.3537003
0.2513138
0.7207717
0.74846625
0.098365575
0.09611356
0.0666401
0.080697805
0.12062285
0.8796938
0.8671258
0.86694443
0.10970051
0.096440785
0.10814565
0.1106574
0.8978393
0.91691464
0.9308367
0.92694783
0.9062488
0.90403813
0.9245449
0.9321644
0.9300002
0.87844455
0.842235
0.06281871
0.055149194
0.055785656
0.0774522
0.8288131
0.8449146
0.8567158
0.32319832
0.20111328
0.0941177
0.113057315
0.1289466
0.7742687
0.8687765
0.4772828
0.34753153
0.4822946
0.72227305
0.73264533
0.12209054
0.07454661
0.0745291
0.07874381
0.07642856
0.210047
0.91716236
0.9135267
0.9375249
0.9316881
0.8572165
0.89865977
0.10252688
0.13185714
0.1521068
0.15927342
0.17295775
0.16338761
0.13799737
0.8959347
0.8980619
0.87957233
0.889413
0.9270173
0.93261015
0.9146178
0.92994213
0.92656714
0.06722767
0.05233025
0.057102706
0.06103833
0.06972834
0.08401358
0.100321226
0.8346588
0.90878373
0.8803948
0.92501664
0.91910493
0.7805216
0.2589892
0.20000641
0.40093443
0.6450615
0.8171837
0.47265032
0.640132
0.87628025
0.9030179
0.867234
0.8384953
0.8514318
0.88717663
0.8790862
0.91114277
0.92539227
0.9295672
0.9215161
0.8421542
0.24611808
0.071932584
0.06350743
0.10007878
0.057806455
0.061047845
0.1359994
0.2856738
0.89537996
0.9212535
0.93618333
0.93563366
0.92864424
0.90165704
0.92132074
0.8904652
0.8826809
0.08886908
0.057404377
0.042960573
0.043834493
0.05333596
0.06074733
0.08273431
0.15694302
0.8098029
0.8411815
0.87846625
0.9240823
0.92301583
0.86340195
0.81124943
0.75241536
0.5510096
0.47848064
0.48419404
0.803656
0.8301697
0.8933686
0.9069517
0.8923041
0.7948525
0.6302424
0.50415874
0.5280688
0.75415367
0.34251744
0.29437107
0.41861287
0.38184613
0.7816913
0.66479445
0.25580198
0.23099314
0.35055968
0.38345358
0.75498575
0.8700446
0.49148393
0.3296948
0.29138172
0.16607781
0.1743776
0.878626
0.9106079
0.1130524
0.080924556
0.12695955
0.16306186
0.15531294
0.8956116
0.83557934
0.083325446
0.055475
0.04601509
0.0630934
0.06701634
0.08340846
0.1478415
0.92793053
0.1283472
0.056766085
0.043028045
0.048530627
0.053042483
0.046796884
0.08735282
0.92328984
0.9412456
0.95146626
0.9602221
0.93557304
0.056596924
0.036862466
0.035027932
0.036646478
0.037593134
0.065347455
0.12427609
0.91371775
0.94591343
0.2020587
0.10334327
0.05732637
0.06323075
0.07023058
0.13560152
0.14584638
0.88020045
0.15034749
0.14036226
0.14195016
0.14436269
0.16006464
0.83323157
0.27065873
0.33129856
0.20376563
0.16052334
0.14577375
0.6641848
0.14603704
0.12248043
0.12560134
0.74459255
0.17389546
0.10843683
0.1655298
0.1391473
0.09964519
0.3341547
0.9170999
0.9355379
0.9255555
0.9365958
0.9383278
0.9101653
0.93097395
0.0809218
0.04082586
0.040746108
0.05132829
0.068354934
0.15861379
0.84084445
0.83757555
0.11930732
0.06433109
0.05886074
0.07926204
0.0766299
0.058163296
0.053396955
0.0522216
0.09388291
0.92032474
0.9222712
0.9421279
0.9125822
0.86800504
0.83233184
0.8174802
0.091140166
0.05591147
0.051537905
0.07692721
0.140961
0.16178562
0.88674647
0.80418044
0.88351405
0.77162856
0.77612126
0.13553233
0.07611348
0.11659686
0.07998873
0.069701426
0.059635174
0.048563506
0.055733036
0.079722956
0.86601675
0.9253127
0.13208313
0.14466174
0.15587755
0.22518554
0.88826823
0.17516395
0.17330177
0.87590677
0.9211947
0.12910509
0.061737046
0.0378551
0.03775826
0.055401947
0.88823175
0.91937625
0.93561083
0.934792
0.94537956
0.06089732
0.040732153
0.038197495
0.048949488
0.08576157
0.87421656
0.85259134
0.8453635
0.80360425
0.83729655
0.27201703
0.17084509
0.75958675
0.13125649
0.11030425
0.11690547
0.13069281
0.79188013
0.8040399
0.14340349
0.1730372
0.0894963
0.14215949
0.10573711
0.17275661
0.17009225
0.18048906
0.5056066
0.9004096
0.90091485
0.36286053
0.26478398
0.41214213
0.7350023
0.730327
0.68705064
0.63336605
0.312098
0.24630204
0.5453218
0.87794644
0.8327259
0.87998265
0.21089728
0.29792026
0.19630498
0.73499
0.80832964
0.09150016
0.0629448
0.04668068
0.040942285
0.054975938
0.04922403
0.08017175
0.8894927
0.8754273
0.9083723
0.94545627
0.8465057
0.82796353
0.06392598
0.048289217
0.05403829
0.105096616
0.9033772
0.10599989
0.09626928
0.0838739
0.06239203
0.05339318
0.11608989
0.93094254
0.93036294
0.9081792
0.9235122
0.07053461
0.03902751
0.03721634
0.043706354
0.05912333
0.09544539
0.86328584
0.14107984
0.07233865
0.07158616
0.11966195
0.84495616
0.8531759
0.11150535
0.06544842
0.06403659
0.060160022
0.059188135
0.089266896
0.06775281
0.06681922
0.08806351
0.11749469
0.80000365
0.760184
0.1509893
0.110001646
0.18226133
0.19620897
0.31492633
0.874724
0.83742493
0.9152842
0.9289703
0.9184642
0.8368245
0.9134683
0.08246556
0.05456552
0.088872
0.06041293
0.054025687
0.050385624
0.049434204
0.071741305
0.9145797
0.950818
0.9283242
0.07777862
0.049547393
0.07291057
0.095744476
0.095153786
0.06961053
0.059141375
0.078577764
0.8186994
0.8395835
0.86902016
0.9221413
0.86086553
0.9021875
0.10828275
0.08270186
0.10882801
0.14857517
0.23462965
0.85424596
0.37150487
0.21235432
0.17744842
0.21229152
0.73299354
0.8277119
0.30332077
0.21273379
0.15806006
0.16379257
0.25203374
0.22703627
0.3668585
0.7776655
0.8526837
0.7921108
0.84051764
0.76077557
0.8126893
0.34767118
0.4861616
0.53953755
0.77255595
0.12703471
0.10243607
0.08758115
0.05945476
0.08650515
0.09795184
0.89422345
0.93681765
0.8900932
0.122597516
0.13852112
0.09544024
0.15744846
0.20418605
0.16261499
0.82570714
0.91666424
0.9159958
0.37002283
0.25073007
0.21033284
0.14258502
0.12248806
0.14647594
0.8934932
0.8892986
0.8576354
0.82789844
0.8144973
0.85839057
0.9245584
0.9268861
0.85243714
0.117962085
0.16634466
0.1848414
0.16233636
0.18758307
0.32542735
0.8998857
0.91700214
0.8437372
0.8479508
0.21453044
0.22498046
0.24386798
0.7261492
0.80253625
0.869102
0.7631987
0.25837266
0.16616179
0.15138966
0.20258749
0.866549
0.91401684
0.9292519
0.9334523
0.92538667
0.90590197