0.81028706
0.8091483
0.49073192
0.50526947
0.41989723
0.44345933
0.30418205
0.44633776
0.23598167
0.21768518
0.22877851
0.27552566
0.7847894
0.80164444
0.36896053
0.30051777
0.511344
0.36547342
0.36126143
0.57312536
0.28687707
0.18506512
0.16107486
0.17702235
0.20162533
0.37669674
0.81323195
0.48925987
0.38089237
0.81907547
0.7379978
0.70318085
0.69003856
0.6969124
0.09352158
0.0644797
0.07369282
0.15205167
0.93597275
0.9519022
0.94942045
0.07268683
0.038900178
0.03949033
0.04002053
0.06174252
0.11383836
0.8310627
0.8173109
0.9192132
0.84522665
0.09528822
0.054042775
0.05335934
0.058984395
0.07350334
0.08131045
0.061795104
0.064940766
0.07097434
0.10802435
0.2087893
0.9311021
0.12746353
0.06302757
0.042333405
0.04021458
0.038541853
0.037250973
0.043473143
0.064572185
0.83014727
0.27619275
0.9347327
0.9597391
0.9617779
0.9348246
0.05056923
0.028695788
0.02686765
0.02827409
0.028289774
0.032386683
0.05045343
0.9084194
0.9358387
0.9543247
0.96347934
0.95378125
0.052885614
0.030564638
0.028850216
0.03222497
0.035331804
0.045364235
0.086735055
0.9217276
0.8410077
0.88564134
0.084096424
0.046155255
0.042912554
0.045728017
0.053294647
0.049424592
0.060851753
0.13181457
0.19148959
0.92922175
0.86796826
0.13778126
0.066317104
0.046143986
0.044474266
0.050281983
0.05885313
0.107152686
0.08740438
0.17027442
0.89029187
0.2754504
0.3655268
0.7925452
0.17498033
0.12677494
0.08272449
0.09599006
0.13237387
0.3958676
0.84819645
0.3097069
0.3982003
0.6149386
0.20368463
0.18795855
0.6224534
0.8102345
0.15571326
0.14286546
0.14021683
0.7488267
0.89512765
0.93705434
0.13886122
0.07678356
0.042233657
0.038556907
0.040026885
0.04302883
0.043610897
0.047308765
0.0555754
0.111023806
0.9105034
0.11524296
0.0663986
0.07445145
0.8633078
0.88350564
0.9211894
0.9449901
0.9482044
0.94142807
0.86874235
0.8645047
0.068412
0.06426265
0.09064854
0.89373326
0.89284116
0.14049663
0.095706664
0.10994821
0.0661527
0.04314372
0.04251233
0.042037625
0.046240292
0.07608257
0.094754726
0.869766
0.91722333
0.90563667
0.24538702
0.34163627
0.23529124
0.7858849
0.90393615
0.89896333
0.747317
0.7274024
0.15264565
0.13307722
0.8136216
0.9182803
0.9189434
0.8225844
0.17267162
0.18682718
0.8453627
0.123964
0.08752617
0.12972265
0.12899551
0.6975508
0.15561327
0.17624497
0.17820497
0.62106806
0.31508848
0.7896057
0.6435793
0.61951494
0.64616674
0.68996406
0.86281204
0.1886424
0.21072558
0.8055257
0.15950817
0.055999026
0.048339948
0.04877652
0.0849661
0.8841085
0.905138
0.31934807
0.77542555
0.75305223
0.76962537
0.7706364
0.2842116
0.8555322
0.9435289
0.9460412
0.16597468
0.05173307
0.04500137
0.05456812
0.09202292
0.74875236
0.17762716
0.19333948
0.80865824