0.80426055
0.8145505
0.32971162
0.22176729
0.210584
0.2426487
0.40321887
0.861942
0.9061705
0.8910125
0.7611457
0.74329704
0.82355595
0.32963943
0.15897258
0.11999216
0.13021986
0.14039284
0.6979738
0.765545
0.8155072
0.9076035
0.80871004
0.10850386
0.09261073
0.082823545
0.115394905
0.18760113
0.10439865
0.118314326
0.088046774
0.07853859
0.08811975
0.09311488
0.17884645
0.14916506
0.8800964
0.9310622
0.8826976
0.86094004
0.9289149
0.100753784
0.08040636
0.06102853
0.102697484
0.058332156
0.05678514
0.068942234
0.07803669
0.10460748
0.121082224
0.1619331
0.7399877
0.21275009
0.20293567
0.8110815
0.9140037
0.9172179
0.7746672
0.24510476
0.29690948
0.8646745
0.8872085
0.40914115
0.19592628
0.2185368
0.63300186
0.68176657
0.7344636
0.8669849
0.89076316
0.86595535
0.63749427
0.2878914
0.2658806
0.20530857
0.1649846
0.1585659
0.17547368
0.17037915
0.1941166
0.27877048
0.5708679
0.6030597
0.64296603
0.7852058
0.5491358
0.37962782
0.46460822
0.8273793
0.73102874
0.7278953
0.13868129
0.112453334
0.07485407
0.08409714
0.09028876
0.19227394
0.20442568
0.1165202
0.1062829
0.1203447
0.73996574
0.7884397
0.8856392
0.40131342
0.25494105
0.13831516
0.17272219
0.24183667
0.9113145
0.9360848
0.9247427
0.8271916
0.080162704
0.08145462
0.080106944
0.058133088
0.04942339
0.04288687
0.041415866
0.045582186
0.06957593
0.7757161
0.7991484
0.27706096
0.85294557
0.12243686
0.08468199
0.108950526
0.8796441
0.087895565
0.054291688
0.06539894
0.081348814
0.9267427
0.9498566
0.9461285
0.9502361
0.9018359
0.052221507
0.041481514
0.04562303
0.07756858
0.908542
0.8651109
0.0930609
0.07543473
0.10710757
0.8393143
0.078646794
0.046350922
0.04090897
0.04588963
0.064557426
0.093628585
0.9380694
0.94981927
0.91177964
0.8945383
0.071677245
0.05181064
0.067936294
0.055223636
0.0984699
0.89739174
0.9365233
0.938932
0.0781726
0.048380144
0.040724628
0.04344231
0.070330836
0.8611037
0.9129151
0.9118309
0.35377684
0.24095514
0.2629586
0.21733671
0.84790444
0.18837193
0.10232599
0.115265384
0.7787511
0.7860028
0.8742726
0.8078191
0.13388821
0.13720362
0.29000148
0.8082667
0.9085317
0.10823645
0.065494664
0.09355859
0.07947217
0.15270872
0.9261007
0.8809896
0.8929783
0.16361967
0.09412763
0.08470741
0.077285595
0.09468816
0.783854
0.17369819
0.084519096
0.07646241
0.103689626
0.16176215
0.85704744
0.8843097
0.7937484
0.394411
0.8379907
0.14048988
0.10318485
0.13991426
0.15759245
0.15655962
0.17928116
0.7000714
0.6696449
0.35482624
0.46862975
0.39585462
0.82123435
0.82388604
0.2754612
0.22841354
0.34275675
0.74153066
0.82928675
0.7325477
0.34949076
0.1440793
0.12291794
0.1400709
0.119501136
0.12632822
0.16326997
0.15626188
0.15334581
0.34614536
0.22612853
0.17533015
0.1686267
0.18424341
0.68776035
0.82092404
0.89955544
0.8856824
0.8801279