0.8692372
0.8483479
0.82403916
0.8771596
0.809485
0.8006215
0.90297824
0.92817724
0.08424825
0.05070022
0.040799744
0.047973454
0.049821258
0.057991188
0.085400805
0.819431
0.08534964
0.04914055
0.042199485
0.046560016
0.06358268
0.88793653
0.9170621
0.93822384
0.9504708
0.95050544
0.92707783
0.9262735
0.06424106
0.062188774
0.056667116
0.057525273
0.08683285
0.9091898
0.9204565
0.13292228
0.12617488
0.12606908
0.7368341
0.16359296
0.100655645
0.08619138
0.120629884
0.74043626
0.9044908
0.92480385
0.91281724
0.7472605
0.10533468
0.07582275
0.08274091
0.11157012
0.77893746
0.16674621
0.072969355
0.061580863
0.05561299
0.05465895
0.06157567
0.09682099
0.18969862
0.8616478
0.82730925
0.81156236
0.3460428
0.84813124
0.25246936
0.6801824
0.75159264
0.12755592
0.11882144
0.817989
0.9253653
0.14935528
0.07365393
0.084787674
0.7639725
0.12026246
0.12190341
0.88437814
0.93266153
0.9235414
0.91506004
0.92747307
0.31007966
0.1809707
0.8422505
0.086542904
0.069405735
0.09553858
0.8423987
0.8991251
0.21268623
0.2126516
0.90423834
0.9333716
0.08407961
0.04829302
0.0534095
0.048614107
0.04616781
0.055627357
0.08750347
0.8047518
0.83508325
0.90914094
0.8024355
0.77985054
0.11732405
0.060149685
0.06088688
0.058748603
0.07952715
0.7960369
0.9174946
0.18681172
0.17947377
0.14166763
0.83003646
0.08255427
0.043277025
0.03599108
0.03846866
0.058893543
0.9173563
0.9553434
0.9620536
0.9520672
0.056753717
0.035299122
0.037051484
0.047705058
0.114984944
0.8909922
0.26329818
0.23955189
0.44606912
0.92025536
0.8923346
0.92495763
0.08173905
0.052597445
0.057886455
0.075689115
0.17410465
0.8030963
0.9033491
0.25522146
0.17328785
0.25978824
0.7660403
0.11499718
0.10791125
0.12322825
0.061301
0.050234172
0.04444582
0.051827893
0.09163271
0.91378015
0.8195142
0.9272714
0.20633243
0.14766258
0.76420236
0.08976766
0.073974185
0.10174028
0.8293827
0.09417115
0.059903063
0.06092652
0.09646227
0.869789
0.10913609
0.099996485
0.11821724
0.16018647
0.9180127
0.9066851
0.8644703
0.9088863
0.08854999
0.062138993
0.06778441
0.08828766
0.80982715
0.08882224
0.059662025
0.06844199
0.11136775
0.8247921
0.16971609
0.16498627
0.8455588
0.32823807
0.7508652
0.21312264
0.31029508
0.80846876
0.80664766
0.81128323
0.85503983
0.080181345
0.050230507
0.046798147
0.047729563
0.05668111
0.09422395
0.16646372
0.109985
0.13241784
0.10536944
0.21924745
0.105085045
0.085885175
0.14166579
0.9110677
0.8641612
0.109772444
0.06142154
0.041702226
0.037639245
0.03640147
0.035103235
0.038021836
0.05695132
0.8961265
0.9174271
0.9495879
0.9513055
0.9056345
0.85191643
0.8164472
0.86431324
0.062136944
0.041655906
0.050831176
0.078579955
0.051778108
0.054803405
0.09229261
0.0982407
0.061984964
0.061935257
0.08628241
0.84382164
0.9042767
0.14744003
0.13313903
0.20894945
0.73987293
0.12060605
0.09918749
0.1121415
0.28076476
0.8980089