0.36907062
0.13701077
0.114755355
0.16951104
0.14351644
0.8007394
0.91783035
0.94205725
0.08913803
0.05104105
0.04107095
0.048422024
0.050269946
0.058232084
0.08613566
0.8199435
0.08458256
0.048712995
0.0413534
0.044884544
0.06140249
0.8881296
0.9181614
0.93956494
0.9514762
0.9519582
0.92994833
0.9287484
0.06014321
0.055143595
0.051398747
0.05317122
0.0827963
0.91139805
0.9221195
0.1279485
0.11982817
0.122236624
0.7493978
0.15879454
0.098010466
0.084064715
0.11839424
0.74985373
0.9068056
0.9282198
0.9160223
0.7346187
0.11473994
0.08718215
0.09225416
0.12753911
0.7907383
0.81167513
0.8143061
0.11207609
0.07407944
0.07674895
0.11278626
0.20878465
0.100389265
0.12103823
0.09713586
0.13959691
0.8911099
0.7936125
0.15487202
0.1519001
0.742978
0.76432663
0.848057
0.9271849
0.92120695
0.1418132
0.14977643
0.69945174
0.7164165
0.1208595
0.09515675
0.1323915
0.12023255
0.22599399
0.9097286
0.92029554
0.80248696
0.8876948
0.11294529
0.08515505
0.091243915
0.08825649
0.15841803
0.1572009
0.8199232
0.92630327
0.9359272
0.10674863
0.073500946
0.10005824
0.11962449
0.7831875
0.095711514
0.062817335
0.060661707
0.08007378
0.09910023
0.06566078
0.053803295
0.053439613
0.053115934
0.04486962
0.043545384
0.044581287
0.06532772
0.8870503
0.9480728
0.9296309
0.11528182
0.107354075
0.11211491
0.85622734
0.0743662
0.04085743
0.034459323
0.03698561
0.056853827
0.9241201
0.95761
0.9641617
0.95398927
0.05405187
0.032729924
0.033691738
0.039912928
0.069802605
0.87802446
0.16004716
0.14434697
0.26292056
0.927414
0.89743733
0.9360144
0.07507909
0.047476944
0.06389717
0.05732711
0.106883906
0.16473682
0.9139578
0.80926454
0.86496556
0.1479097
0.054747052
0.046709795
0.07420105
0.08132683
0.88587976
0.9027042
0.907967
0.9245759
0.15859567
0.20065244
0.16373041
0.91186154
0.9109368
0.8744242
0.8884236
0.06773599
0.044321436
0.036573112
0.040567797
0.046819095
0.048390586
0.049069583
0.050245278
0.04829748
0.05486883
0.1134227
0.24670714
0.93265855
0.8792071
0.8374112
0.91916543
0.14883716
0.10753697
0.07927835
0.10031315
0.78441775
0.099765256
0.06431201
0.08383871
0.123844765
0.0848064
0.09320736
0.1453388
0.8997047
0.20350498
0.100424305
0.07857709
0.07805319
0.07629481
0.12200008
0.0863212
0.09881327
0.08210771
0.10107927
0.11582759
0.1585179
0.13834079
0.162529
0.3868665
0.8879475
0.89526135
0.7906029
0.7460372
0.84585375
0.73724043
0.10784501
0.08977862
0.12613216
0.7429789
0.8475561
0.108949214
0.058775213
0.04135431
0.037661232
0.03579821
0.034509923
0.0370074
0.05467676
0.8959206
0.9264125
0.9540291
0.95596576
0.9093833
0.8569905
0.8792113
0.056707993
0.038486533
0.045787558
0.06835494
0.049019273
0.053374533
0.090259746
0.097226314
0.06786024
0.07031223
0.091266595
0.8210607
0.90664965
0.82957137
0.83419865
0.8847143
0.7749917
0.6730234
0.66744703
0.77453005
0.87256753
0.89514023