0.14539613
0.07558348
0.051872265
0.04876129
0.06638016
0.042208467
0.0413994
0.04136157
0.060014818
0.88480353
0.9182455
0.93922466
0.9402638
0.9294319
0.8863166
0.8772192
0.8981066
0.8683952
0.84561217
0.8648022
0.91419214
0.92264223
0.93596745
0.9219355
0.8977365
0.88824236
0.057379965
0.037254598
0.03802663
0.039363097
0.047151905
0.047852006
0.054103184
0.072045214
0.11013398
0.9059291
0.92272073
0.88316905
0.85081416
0.84515935
0.8846658
0.8458989
0.8072111
0.77750313
0.7403668
0.6838472
0.6627625
0.62213314
0.5624665
0.25460038
0.2403093
0.203919
0.18747436
0.5438302
0.249622
0.23758775
0.77770483
0.2425204
0.1969246
0.33158103
0.88651663
0.9004948
0.26924688
0.7090227
0.09682845
0.08569368
0.108160384
0.14722587
0.2528723
0.45967755
0.9094032
0.9103784
0.9194969
0.8233981
0.74628335
0.70292604
0.69862413
0.7862347
0.08173049
0.06432318
0.0878473
0.808465
0.7819189
0.8491072
0.08818788
0.068219036
0.06622465
0.12555313
0.90801924
0.09256516
0.060658664
0.042107824
0.045372237
0.063137315
0.9149057
0.9348654
0.9587205
0.951167
0.05911393
0.035576645
0.034142844
0.04320336
0.07607056
0.92352474
0.9324853
0.1723957
0.07494942
0.09049313
0.10416083
0.9015856
0.9154873
0.24117647
0.1309636
0.1594511
0.8932979
0.91834986
0.15451708
0.10974071
0.08586575
0.13863833
0.08700154
0.12221037
0.79185367
0.11755819
0.081278645
0.07834239
0.0739772
0.087812185
0.12223256
0.69637144
0.214616
0.18988633
0.48218444
0.3241566
0.84293616
0.4439008
0.17683704
0.15080833
0.6461954
0.12614202
0.12181485
0.13059576
0.742917
0.17579551
0.08846074
0.07709286
0.14027496
0.15069388
0.8527784
0.1069306
0.054273356
0.046250775
0.049846683
0.06485789
0.12770586
0.9423739
0.9459944
0.12374437
0.06411046
0.054612346
0.08273413
0.87111306
0.15248427
0.14524804
0.9137757
0.9559845
0.9563215
0.060651176
0.03451078
0.032036256
0.038641036
0.059635084
0.07983522
0.06558127
0.10364644
0.112771854
0.07678781
0.0990052
0.8405748
0.8931429
0.92814755
0.8638012
0.7892421
0.7418636
0.6504829
0.5868355
0.58258337
0.6139716
0.6906775
0.72154063
0.798783
0.92166936
0.94052297
0.19253263
0.06448221
0.041105084
0.035925265
0.04252032
0.053418666
0.046389554
0.04718292
0.07973889
0.9406221
0.9223384
0.95042664
0.06835289
0.03782774
0.031187713
0.03165384
0.036009293
0.06390002
0.93327343
0.9573462
0.96302265
0.95431477
0.05727687
0.03356031
0.038948886
0.038809896
0.065106265
0.099605225
0.8835411
0.8760245
0.10306513
0.054106966
0.04856615
0.069058985
0.89643145
0.90642726
0.9554701
0.95643497
0.07318263
0.040960576
0.038528163
0.050904255
0.044816867
0.04796304
0.055031613
0.07050642
0.09796136
0.07595313
0.09506192
0.15412003
0.16514197
0.22042072
0.8485086
0.11902053
0.085995674
0.07253127
0.07370851
0.12962405
0.788375
0.19459796
0.28630325
0.24640262
0.703178
0.17504725
0.14878999
0.2311576
0.7447455
0.76856786
0.7720387
0.8254848
0.8548906