0.7976907
0.7838202
0.78364897
0.8521813
0.77049494
0.84125364
0.18307272
0.1741496
0.19304039
0.21165083
0.8116887
0.2143469
0.10171635
0.056176927
0.050760783
0.069678895
0.10033782
0.87329656
0.8445081
0.8871579
0.10821154
0.09750806
0.060902297
0.06708938
0.11480586
0.11738298
0.12298787
0.21252194
0.28829235
0.20735842
0.6898238
0.29068664
0.34685287
0.431265
0.21921098
0.15628134
0.16419391
0.17454869
0.20139413
0.8223586
0.70710385
0.31618837
0.28128186
0.78132737
0.8750999
0.9180585
0.9189429
0.8895755
0.89371765
0.8694201
0.88330287
0.80507094
0.28020164
0.28682724
0.8463321
0.86823106
0.2242231
0.22501168
0.20959342
0.6508594
0.7933236
0.2677918
0.24369054
0.54531693
0.63823175
0.7189924
0.86702967
0.3105919
0.25280595
0.12982464
0.13401552
0.14296135
0.14316136
0.84385055
0.85869724
0.83199066
0.8294414
0.13813506
0.15983798
0.15966715
0.10658125
0.15909733
0.29754236
0.81221455
0.87914205
0.7831158
0.8553744
0.21497433
0.1957804
0.6346554
0.15359423
0.109331354
0.12360134
0.1323817
0.29202193
0.74979687
0.74321234
0.7359403
0.73187774
0.14054824
0.09174772
0.07938281
0.11133566
0.21559715
0.9065404
0.912528
0.7219584
0.1493519
0.102454595
0.111383185
0.13761356
0.21220551
0.19031861
0.16958869
0.26341134
0.8989766
0.9084269
0.35519105
0.25702578
0.790922
0.90963584
0.8313346
0.08579026
0.07301534
0.06939176
0.072541334
0.082837366
0.12133216
0.12741919
0.9018135
0.10655217
0.069338836
0.057665814
0.0788061
0.8496096
0.93119544
0.14733437
0.11956568
0.11763297
0.8401116
0.07184682
0.043790445
0.043019697
0.043590374
0.08758676
0.9346507
0.9567389
0.9619609
0.95364213
0.0717746
0.04089555
0.04002231
0.042907294
0.07229478
0.8750554
0.16210581
0.14460567
0.28122112
0.9229112
0.8981254
0.9250889
0.082114644
0.059038587
0.075473815
0.096015446
0.8902127
0.83888304
0.90858144
0.8268987
0.85475427
0.14060631
0.059510045
0.04165231
0.043002557
0.043708716
0.05549026
0.047854036
0.0717543
0.08440117
0.07416385
0.08252468
0.9183256
0.9162125
0.9570454
0.9217483
0.061944958
0.0381615
0.038615037
0.04654757
0.05532668
0.061545987
0.048767053
0.071223974
0.053689703
0.0956588
0.12799802
0.8928451
0.9291247
0.9385112
0.92717886
0.8428794
0.8022016
0.83045715
0.88702774
0.8798456
0.9111726
0.9035244
0.7944436
0.7445715
0.13634434
0.16717431
0.24709253
0.29571244
0.35617423
0.3938553
0.3503558
0.8313409
0.7311515
0.22934903
0.289925
0.16317163
0.14885163
0.296234
0.20483686
0.15140192
0.12965679
0.16865237
0.27962235
0.6974934
0.71473277
0.7583814
0.8549339
0.796373
0.7769605
0.8621388
0.16657747
0.12760596
0.19724181
0.3604435
0.17462862
0.1949876
0.10154641
0.069145024
0.06526181
0.08344161
0.1495262
0.17277025
0.13443393
0.8512201
0.8864241
0.9367755
0.9333523
0.8173259
0.76550126
0.794825
0.09612835
0.1069582
0.12736066
0.18437056
0.09234833
0.094859466
0.19944945
0.243655
0.74036676
0.7361421
0.8242268
0.9189197
0.93513364
0.9117056