0.6037915
0.26758268
0.25386676
0.22702914
0.17096682
0.18091667
0.13913213
0.18668321
0.86993027
0.8596528
0.8681831
0.9007112
0.86245674
0.8334396
0.8431822
0.89029944
0.8614203
0.8567284
0.8706486
0.9300005
0.083041824
0.04687816
0.04421125
0.046669964
0.06794936
0.12663245
0.09235717
0.13669097
0.13883586
0.1967101
0.25563353
0.1624246
0.12900443
0.17672886
0.86282694
0.775114
0.8910355
0.19562127
0.2057717
0.7783877
0.075605884
0.048324455
0.04602626
0.052639704
0.12109493
0.9284393
0.9475394
0.94812423
0.9547826
0.949842
0.15021627
0.03793853
0.03217429
0.035749987
0.042305883
0.07390552
0.10091768
0.8278607
0.9291596
0.20730574
0.07458563
0.05457249
0.052538164
0.05015052
0.049771436
0.050629485
0.0524648
0.0636098
0.056708746
0.04716422
0.059524376
0.057814386
0.07044435
0.9065002
0.93315655
0.9533819
0.9579981
0.9529791
0.9183757
0.060336567
0.06240587
0.0520624
0.048553597
0.08915993
0.1181452
0.8308571
0.092183605
0.061439604
0.060734548
0.08741469
0.8215758
0.8755773
0.9285856
0.85930645
0.8179928
0.22488621
0.09343232
0.09486219
0.13899215
0.71460783
0.13613488
0.11130145
0.11849943
0.76335967
0.45201784
0.32110596
0.9041744
0.91148233
0.9309614
0.831783
0.08605409
0.07802772
0.07018227
0.07289056
0.15768188
0.89864486
0.8553634
0.9265823
0.92726195
0.80374485
0.08466479
0.05848692
0.059020378
0.05703889
0.052105926
0.058315653
0.109360166
0.9198886
0.90658426
0.9445011
0.9406857
0.8449578
0.08326639
0.093442336
0.09363381
0.7667195
0.8124563
0.13605738
0.12726228
0.8307738
0.9248182
0.08047623
0.050409645
0.045497958
0.06675452
0.8879828
0.8904846
0.91852343
0.94242066
0.067683004
0.043661445
0.04336199
0.06254927
0.8332665
0.8947581
0.17534766
0.14586204
0.8490267
0.9324443
0.9350265
0.84707147
0.10781745
0.12595142
0.1139013
0.8108713
0.89071983
0.9414322
0.9441793
0.92801267
0.08558445
0.056503803
0.06724572
0.14072317
0.20472424
0.20192407
0.18820553
0.7456708
0.7521951
0.8925464
0.12892526
0.09749972
0.09973158
0.110300384
0.8089207
0.10070263
0.0849727
0.062629074
0.05671688
0.048955996
0.05082333
0.05286361
0.03978154
0.039893214
0.05513009
0.8854541
0.91617906
0.9296585
0.9517764
0.95190537
0.9132046
0.8589609
0.87935686
0.054004367
0.03322376
0.032687437
0.039992563
0.06424904
0.054364886
0.11065158
0.88184464
0.88372934
0.93140215
0.9288241
0.121973015
0.118118145
0.11943036
0.76556236
0.14220555
0.2031303
0.20279825
0.11540274
0.06582508
0.07002586
0.07110895
0.13018411
0.28878385
0.2621773
0.8236436
0.9133637
0.9133601
0.78287226
0.6872386
0.17801993
0.16014099
0.6275072
0.73431903
0.8575723
0.7886684
0.757828
0.85605717
0.26243025
0.24430834
0.84619606
0.77639186
0.09995057
0.074820265
0.092067964
0.75052106
0.09041927
0.07045028
0.08727248
0.76828367
0.14110374
0.18217085
0.3092747
0.929059
0.95645744
0.9183538
0.9212389
0.07207587
0.045539144
0.033456296
0.034728933
0.038023014
0.040903684
0.044444855
0.05428335
0.083542176
0.8371031
0.9114551
0.92268234