0.9100385
0.9268569
0.9214889
0.83243614
0.7611281
0.7596502
0.9059797
0.094871484
0.051005386
0.043103818
0.044122726
0.04776599
0.049362008
0.056804962
0.07495487
0.07071369
0.095649526
0.8470495
0.8612239
0.10831909
0.05075565
0.04133863
0.034817647
0.03362384
0.03754335
0.062483698
0.9330458
0.94279575
0.9525375
0.9498741
0.9521017
0.06615415
0.033780195
0.028264996
0.027335051
0.029519899
0.03575505
0.08180874
0.90600914
0.94045264
0.94959563
0.94212085
0.85931
0.915487
0.0747212
0.047342356
0.05833997
0.052077662
0.07515915
0.14455462
0.89191294
0.76452285
0.7466552
0.73849744
0.09706779
0.06304586
0.054871026
0.07480868
0.07135429
0.14630823
0.2007572
0.12841032
0.2524983
0.9281123
0.8845496
0.092073716
0.04248201
0.036733985
0.035033137
0.034223244
0.038652815
0.059717953
0.8086177
0.26785496
0.93507713
0.9595252
0.96069145
0.9230494
0.046070833
0.028940039
0.028538309
0.027987432
0.032588992
0.034720656
0.053268135
0.90967095
0.9339294
0.95309746
0.9626143
0.9533501
0.054165546
0.031568326
0.032140523
0.032652225
0.04300866
0.049661912
0.09192347
0.9254328
0.84351796
0.87994444
0.07795107
0.04269159
0.039195213
0.040393982
0.045573335
0.045420077
0.06397307
0.19331135
0.9404606
0.94170994
0.8397832
0.12646277
0.084820576
0.099712014
0.11886168
0.1327976
0.6891116
0.14496413
0.13069116
0.13343668
0.23984575
0.8434211
0.69920886
0.6349072
0.61660385
0.21691686
0.18019576
0.13373049
0.15175083
0.621482
0.2945354
0.408934
0.7349327
0.85002494
0.25867423
0.24547529
0.82109123
0.7367321
0.8483771
0.18464856
0.1883721
0.72953355
0.768971
0.9190788
0.94694436
0.10663548
0.052563384
0.035824057
0.035994314
0.039092258
0.042777695
0.04392574
0.047139555
0.055571284
0.10931524
0.9119363
0.1149346
0.06987625
0.081620775
0.8227199
0.28019974
0.9025048
0.9465175
0.95044494
0.93171877
0.22383314
0.7892788
0.07162017
0.063759625
0.09237199
0.90448403
0.9089496
0.12305792
0.07965634
0.08730552
0.055695508
0.042102586
0.042764828
0.042603675
0.04587568
0.06811396
0.09137522
0.86073977
0.90819025
0.49931037
0.29239914
0.8449495
0.2099461
0.20802307
0.83748573
0.73740256
0.2686943
0.32453188
0.6915018
0.13200887
0.1348774
0.22834852
0.31820458
0.68270403
0.70063186
0.14529443
0.149633
0.7236197
0.7765804
0.1102155
0.05429323
0.04897753
0.047595978
0.059982035
0.0900504
0.84050256
0.09314293
0.059372358
0.06847197
0.14208555
0.92023265
0.9315246
0.9336926
0.1618495
0.1837907
0.853168
0.89808345
0.12739505
0.11679838
0.8099596
0.86882484
0.896744
0.92384726
0.9074962
0.9231738
0.89400107
0.89802456
0.15465581
0.1750873
0.8843056
0.9134513
0.28932855
0.1682635
0.7733478
0.12586257
0.117628746
0.08564891
0.107432716
0.8031488
0.1626061
0.15901822
0.08026221
0.06834784
0.096319005
0.27889666
0.8678622
0.21378136
0.20956983
0.6790885
0.7522641
0.8613705
0.81847966
0.8324849
0.88832927
0.8665203
0.9138912
0.9195908
0.88903123
0.1474732
0.11297261
0.12652989
0.18617871
0.8360646
0.8143791
0.8473705
0.89048004
0.84824365
0.8326451
0.8418843
0.8425657