0.8769908
0.9191393
0.9223591
0.9009222
0.8872966
0.8340521
0.8388954
0.75677454
0.79580873
0.5817365
0.20241499
0.20782638
0.2020461
0.634757
0.31955424
0.8612939
0.35165253
0.10682233
0.0669063
0.072126545
0.09477855
0.11729483
0.16166478
0.093298614
0.050756387
0.043700006
0.050862864
0.085336596
0.9259866
0.91523194
0.9213809
0.9140554
0.9409454
0.06804544
0.04667136
0.04036211
0.04205329
0.0555934
0.10876934
0.836892
0.8762182
0.9274423
0.93367916
0.9049467
0.6727804
0.54220116
0.5522925
0.58640224
0.17482902
0.16207531
0.72419304
0.78029156
0.9070983
0.82326514
0.09112465
0.05354384
0.053577848
0.062337134
0.102706626
0.07222331
0.1116565
0.076130874
0.07499891
0.10859631
0.20631854
0.93014616
0.12189691
0.060323164
0.0406481
0.037623256
0.03736527
0.036051136
0.03519923
0.037694003
0.05941985
0.91844225
0.947749
0.9576543
0.95882726
0.9202162
0.91638285
0.04989621
0.028692774
0.02657799
0.027098164
0.035992842
0.053384513
0.91295546
0.93497473
0.95191747
0.95987153
0.9480768
0.051972847
0.033180926
0.029382348
0.030417891
0.039564464
0.09870565
0.94176036
0.94688356
0.86436236
0.87561125
0.07160636
0.04144057
0.03969952
0.059564307
0.0577194
0.051519822
0.058119714
0.1157316
0.18287703
0.9201428
0.8258167
0.21947049
0.23232035
0.13990913
0.121957086
0.11117923
0.094042815
0.116160095
0.111839406
0.20624046
0.75242543
0.78622717
0.89756477
0.90539354
0.7829124
0.110341944
0.069958314
0.078020036
0.07282338
0.091418035
0.11469053
0.7781426
0.9101544
0.118397854
0.067299284
0.063818134
0.059822515
0.077543795
0.055296388
0.047039673
0.055968337
0.09502418
0.93116856
0.95152897
0.15693288
0.11084305
0.05567047
0.04406414
0.04683297
0.04729465
0.056921776
0.05395781
0.04927928
0.04848312
0.04570678
0.037518244
0.03734279
0.05295216
0.89250165
0.9108777
0.9435406
0.95858294
0.9571296
0.94348985
0.0693339
0.040030446
0.04055109
0.06562998
0.8948405
0.9441986
0.923345
0.0960863
0.061983056
0.06747028
0.05267131
0.046751205
0.064031616
0.04759155
0.078452475
0.0913309
0.15334342
0.8945842
0.9252844
0.92468506
0.84366703
0.8780828
0.2241254
0.22613266
0.877254
0.9072979
0.81360036
0.144438
0.09513233
0.09660862
0.8698324
0.9403521
0.9433447
0.8938681
0.07104762
0.046999194
0.06797882
0.05054162
0.049363047
0.0709374
0.066795245
0.1301998
0.09364988
0.14852461
0.821031
0.16428648
0.21211462
0.11660232
0.18407308
0.15193333
0.24139345
0.8125834
0.87383866
0.7794014
0.7500209
0.22926451
0.28982785
0.11667431
0.12179978
0.12579297
0.23283054
0.7473125
0.81423545
0.35025245
0.60567933
0.24992669
0.37789372
0.28788808
0.72760195
0.88713413
0.904508
0.89378697
0.14276381
0.11150532
0.1552793
0.6202772
0.5976142
0.5862667
0.58439416
0.59238815
0.25701132
0.15693295
0.15367204
0.7493868
0.8971002
0.90166336
0.79138684
0.8894195
0.098277256
0.07083886
0.10314796
0.09060916
0.10481486
0.18883604
0.8399715
0.55264956
0.88131756
0.92514634
0.88287306
0.83156896
0.8236097
0.81625813
0.34027192
0.8197781
0.1451827
0.13041642
0.07587758
0.09111588
0.08351826
0.15947478