0.6949689
0.3017102
0.21191351
0.18359688
0.20341352
0.7979015
0.27965152
0.23691013
0.7160001
0.7494532
0.7589294
0.7656473
0.10998622
0.068883784
0.07610255
0.097998895
0.17266728
0.44185373
0.8656873
0.56265914
0.49731293
0.22598964
0.21117082
0.21299757
0.3100804
0.36564746
0.2972025
0.24290241
0.3107961
0.74207556
0.8124139
0.9118366
0.90696466
0.353987
0.13435248
0.15630405
0.20640567
0.31512818
0.80619335
0.48684058
0.3722044
0.28978842
0.30937675
0.62487495
0.8221074
0.8328708
0.5565427
0.43565688
0.7400774
0.35329887
0.33929703
0.51205903
0.20830302
0.17946787
0.16933142
0.26768714
0.41503987
0.87959963
0.91564727
0.8948498
0.74232316
0.84784544
0.1283536
0.11369701
0.09258275
0.112548985
0.7246316
0.36538753
0.8965213
0.12208319
0.06458058
0.04973635
0.05341994
0.057160866
0.058129556
0.07632329
0.085798815
0.0879987
0.13093387
0.8210006
0.9397535
0.113189965
0.057765603
0.052159876
0.049946327
0.056201216
0.05004144
0.04890204
0.047600493
0.043677073
0.04503794
0.051715855
0.12454357
0.944374
0.94507176
0.12444859
0.07379503
0.08896523
0.83108836
0.8532132
0.083304994
0.056318477
0.06614036
0.8783191
0.92908394
0.94912976
0.9552886
0.93994147
0.070757255
0.061141323
0.09202726
0.8637278
0.104054235
0.08987289
0.16284369
0.9174104
0.114042684
0.054995377
0.04210661
0.040181696
0.041779302
0.041275833
0.049025085
0.069461755
0.10360131
0.93273044
0.94015044
0.2839407
0.10469506
0.12101653
0.7445234
0.102971435
0.07720754
0.12757371
0.14546016
0.112973616
0.124881126
0.74808097
0.76657087
0.7684531
0.88462037
0.14199428
0.09802779
0.12524405
0.0865923
0.09427255
0.19069725
0.2565159
0.9011649
0.8119947
0.91486603
0.10218028
0.05673242
0.05181128
0.047032353
0.046537533
0.045955583
0.045169607
0.05665504
0.09889311
0.9279291
0.9501108
0.09939261
0.060133167
0.046258416
0.052849572
0.04854932
0.046786886
0.04730358
0.05574147
0.09319807
0.89485866
0.10335555
0.05350893
0.0447096
0.05794121
0.8804997
0.90473706
0.9346897
0.9500421
0.9526519
0.9487741
0.8926958
0.8798074
0.05033931
0.040286735
0.046615455
0.077557646
0.88978
0.9371001
0.119996816
0.091773756
0.06092984
0.045380305
0.06468166
0.060309395
0.04833863
0.07581044
0.08557178
0.87905896
0.9243913
0.9269396
0.8417312
0.88722515
0.1718269
0.1547067
0.7344273
0.7552448
0.84413767
0.7707387
0.16392039
0.13559322
0.83925396
0.9277649
0.9357177
0.9222873
0.16236685
0.13631557
0.7580987
0.09397565
0.08155182
0.061345287
0.067463666
0.14802665
0.10921453
0.17739733
0.7838112
0.7529694
0.1684274
0.15062143
0.10645709
0.11193711
0.18579595
0.26163083
0.38164267
0.75710094
0.74112046
0.74408424
0.82368934
0.19045341
0.16443811
0.15646376
0.24047832
0.68672884
0.46161872
0.6426468
0.224652
0.2175131
0.3248007
0.2777026
0.7333303
0.8112524
0.53926337
0.39519617
0.19743817
0.1626775
0.22131039
0.27536362
0.17859355
0.17577517
0.20899938
0.69303656
0.79019123
0.66366345
0.219998
0.243588
0.43805596
0.48801628
0.66279477
0.16782029
0.136594
0.18429388
0.8444094
0.8217942
0.84494627
0.8983538
0.8765709
0.92429423
0.9307676
0.9229263
0.101821855
0.05972341
0.053765852
0.056252897
0.066881455
0.11190625
0.2202247
0.5452503
0.82081443
0.8530239
0.8680652
0.8727582