0.75755316
0.7514889
0.7824499
0.84609884
0.8189762
0.79575574
0.8178247
0.6477704
0.34375668
0.33368224
0.33869508
0.32924455
0.28507316
0.47791496
0.29763156
0.24331744
0.23726709
0.32610312
0.25701368
0.26730362
0.56259525
0.587424
0.3377277
0.40384308
0.29463223
0.36020342
0.33752778
0.36249584
0.3541727
0.8439159
0.8739965
0.745146
0.1687694
0.08853782
0.07333359
0.07049495
0.12922066
0.124974534
0.19477104
0.9005705
0.27276993
0.087326676
0.07301663
0.11075829
0.08748783
0.13619332
0.16673145
0.15229252
0.7445105
0.14592373
0.17318267
0.17444675
0.9059321
0.18094578
0.061265763
0.051081255
0.04944717
0.05919474
0.055164073
0.05540976
0.053314857
0.05232844
0.05103906
0.05552054
0.08208697
0.8263567
0.08838589
0.05552769
0.063753
0.09940298
0.9140739
0.93854856
0.9451682
0.94433826
0.9425386
0.9351126
0.94768554
0.94499093
0.9089734
0.043245982
0.028914427
0.02676362
0.029247103
0.032296102
0.033046428
0.03468724
0.04067948
0.06993644
0.9164117
0.91073036
0.17443049
0.1563628
0.8267152
0.88702893
0.915034
0.92952037
0.85735136
0.15397856
0.16329399
0.87941724
0.9246273
0.92111266
0.9396552
0.93870556
0.9043901
0.1845293
0.05217221
0.056582794
0.04583396
0.04451832
0.057506997
0.08266559
0.08016132
0.1397051
0.2029532
0.73090667
0.23214088
0.2596473
0.3151778
0.3175298
0.8203687
0.7032691
0.61338204
0.23661543
0.19341125
0.22537908
0.20519806
0.27877757
0.33065748
0.8373866
0.8016447
0.7964037
0.82384235
0.90566605
0.9086637
0.8260138
0.8727908
0.17158991
0.098504715
0.097930916
0.11596331
0.8825213
0.9099979
0.1150834
0.09154112
0.13422342
0.18033972
0.85600793
0.9193606
0.08870595
0.06013527
0.072182365
0.14187662
0.9300703
0.9458168
0.9402686
0.13959669
0.09428764
0.09527845
0.84682083
0.8818119
0.8694299
0.864988
0.0959014
0.09470704
0.09895356
0.8692531
0.9308274
0.88774174
0.16135897
0.11411861
0.08242339
0.10063029
0.7186406
0.73990506
0.16516732
0.14736614
0.105479024
0.14176321
0.8891219
0.91433156
0.8891357
0.88794404
0.9189098
0.9152436
0.85365653
0.8788678
0.13390502
0.11623259
0.21929148
0.25891376
0.31630582
0.8915915
0.8448882
0.79567784
0.8899409
0.11645578
0.09438547
0.092145674
0.85064584
0.92637694
0.9216505
0.9293702
0.8606303
0.117824234
0.15904063
0.1269012
0.8490909
0.9318878
0.9321986
0.23531608
0.10071238
0.09481211
0.08296853
0.107574545
0.7305456
0.7913538
0.90194774
0.8105447
0.15925665
0.15007569
0.06615362
0.057595663
0.08844765
0.92188126
0.9390764
0.84517264
0.9357765
0.06997767
0.038096573
0.039519012
0.04649502
0.034467567
0.03311514
0.043217916
0.043937273
0.08495128
0.92031896
0.93586737
0.9553725
0.9545014
0.91753864
0.13492578
0.1253813
0.8302366
0.07201565
0.04133541
0.038123053
0.041561496
0.04353837
0.05404621
0.09875295
0.8675346
0.90830183
0.10912813
0.07968802
0.08037321
0.11236538
0.34531006
0.9123802
0.9300765
0.9225835
0.84424794
0.8096866
0.89218175
0.91265875
0.9023422
0.83394384
0.87879115
0.80427784
0.8019783
0.11254469
0.05852035
0.07441358
0.048942383
0.050034806
0.051876064
0.08947118
0.90679693
0.3486143
0.22989391
0.90037787
0.09611786
0.046919577
0.040778786
0.050092604
0.10567286
0.9300443
0.9439398
0.93693715
0.9277161
0.08138638
0.06520865
0.0469418
0.06350468
0.11050822
0.82199425
0.1670684
0.20052996
0.87275445
0.1512902
0.14157136
0.28696826
0.90617156
0.11375824
0.08412952
0.065298244
0.06486304
0.071831174
0.07596729
0.10598802
0.27180848
0.767268
0.59801215
0.49904007
0.22824843
0.1679206
0.19431512
0.19084243
0.23703964
0.8428362
0.76397645
0.77935994
0.8119574
0.12229391
0.07459772
0.06912477
0.10352608
0.1497725
0.092547625
0.057535253
0.04711939
0.047459282
0.045763966
0.04759753
0.123322524
0.92505133
0.9334672
0.92731446
0.93631834
0.93704504
0.93392754
0.90752524
0.92796254
0.87289643
0.05342298
0.038194
0.040172547
0.06985876
0.08086385
0.07730226
0.15902497
0.18947849
0.30776477
0.75269324
0.18486802
0.15024523
0.15780939
0.23933847
0.28567222
0.30316848
0.60924137
0.5397925
0.50947106
0.33148116
0.36902112
0.3447577
0.752256
0.28077176
0.2344701
0.24496153
0.7722575
0.24317285
0.17684156
0.19797899
0.751948
0.8213291
0.8662298
0.910138
0.91519934
0.9022464
0.9002567
0.88431895
0.8836387
0.85869396
0.8645364
0.89698577
0.9100331
0.91220134
0.907045
0.8922718
0.8958577
0.8846361
0.88334537
0.9026972
0.901614
0.9115476
0.8792137
0.8081882
0.13041912
0.13113122
0.15712734
0.8509071
0.121229574
0.088012464
0.0897466
0.13679959
0.15191671
0.4561051
0.89733154
0.8490459
0.7798728
0.731352
0.2821309
0.18515754
0.18008304
0.8351812
0.9147576
0.9247868
0.9132939
0.92002547
0.9156566
0.8756707
0.8219994
0.7801286
0.75692874
0.1648076
0.1462948
0.383015
0.89099556
0.8556537
0.7512631
0.6799895
0.20418762
0.15924945
0.17227322
0.7843476
0.8995809
0.8773729
0.92010033
0.91435814
0.7886568
0.19164774
0.15034845
0.105958894
0.12074158
0.8262972
0.8964818
0.9324115
0.9177222
0.15326473
0.13334224
0.23806791
0.3816959
0.8415073
0.91637343
0.9200842
0.87933224
0.8925533
0.82335943
0.75417805
0.16376519
0.120151505
0.1586022
0.8966479
0.9376458
0.9387801
0.918767
0.10446934
0.09214433
0.112569734
0.7094253
0.76363385
0.13011815
0.12898919
0.147426
0.08425789
0.10015344
0.79943573
0.91685617
0.843002
0.9258164
0.94459444
0.07250415
0.03982364
0.036625613
0.044254705
0.044509422
0.046623398
0.05683468
0.05160179
0.056568008
0.05493033
0.08146483
0.846549
0.10127716
0.06596506
0.08167776
0.91563845
0.92590636
0.92579305
0.9367114
0.9502529
0.939654
0.07252366
0.055119637
0.084394455
0.7625441
0.076700374
0.059833743
0.06413361
0.066010654
0.1112731
0.8353964
0.10728097
0.075817905
0.06848256
0.051671125
0.054986443
0.10222882
0.88211507
0.9231732
0.8625262
0.8305841
0.90265894
0.10808152
0.08871295
0.11880333
0.1803425
0.17442101
0.7472096
0.72823673
0.7406294
0.78671247
0.8966597
0.8918051
0.19230771
0.23600815
0.14125538
0.16858388
0.18852729
0.17154537
0.36962828
0.52749205
0.7535156
0.89186156
0.9087078
0.8975106
0.21962072
0.14930944
0.11351043
0.19795069
0.22220993
0.12837124
0.16756767
0.79700875
0.12261474
0.12552686
0.06892422
0.060758673
0.059092585
0.081920125
0.06929873
0.06338538
0.08291425
0.06701147
0.06880904
0.06861994
0.049545
0.04202604
0.04067627
0.04842799
0.13148029
0.9543922
0.9532531
0.94713545
0.073813
0.03723726
0.034872692
0.034451265
0.036403567
0.039657246
0.041524563
0.047884025
0.09508916
0.9146476
0.83873636
0.92772895
0.9347078
0.8222882
0.08145137
0.0666827
0.088909954
0.75085306
0.080182105
0.054757435
0.05424279
0.08861197
0.15591612
0.9044505
0.09188086
0.047022715
0.03996343
0.038351804
0.044482425
0.08035076
0.93850255
0.95690703
0.93250406
0.06764723
0.039246973
0.039240886
0.044479743
0.055568837
0.100435115
0.8594523
0.12450833
0.07971961
0.06463359
0.0668014
0.11649583
0.849419
0.8558654
0.11916824
0.062769264
0.06403253
0.058982167
0.054958805
0.0666102
0.06367352
0.057141103
0.076504074
0.10917567
0.13987932
0.88929665
0.7822908
0.41895998
0.28794837
0.84115136
0.20579742
0.16072357
0.13900317
0.23481423
0.2547761
0.12157282
0.11828315
0.21252029
0.14203967
0.12518573
0.18234816
0.20746966
0.20143905
0.3021723
0.23223163
0.35115516
0.26753587
0.32269967
0.85466343
0.9010076
0.9088451
0.88257325
0.75990355
0.68681663
0.6619293
0.62438226
0.23396127
0.16984531
0.18207623
0.36884305
0.8855255
0.9104122
0.8928245
0.11845024
0.08676875
0.07022064
0.105158746
0.8901445
0.9154532
0.9063534
0.9204464
0.91561794
0.8880727
0.91211665
0.91417164
0.88526696
0.9076315
0.89824665
0.10477026
0.08126135
0.083818644
0.13376035
0.88939095
0.8970014
0.41851622
0.13644138
0.16071819
0.14033438
0.18331003
0.18149354
0.45796436
0.7514228
0.8039176
0.8815841
0.85993135
0.40227848
0.5219163
0.625392
0.84027076
0.28508386
0.15982574
0.21865182
0.21251902
0.7487514
0.13581906
0.07728645
0.056501854
0.06756131
0.065699495
0.08614967
0.054315053
0.04657167
0.040203113
0.045298103
0.059277505
0.080237664
0.934419
0.9572945
0.95984066
0.10450583
0.09786578
0.07161457
0.04078805
0.03814573
0.04053921
0.04628085
0.042026196
0.042231895
0.04561589
0.05433058
0.14906713
0.9374922
0.94450694
0.9444104
0.19478485
0.07237238
0.08152649
0.12721092
0.8953141
0.08666105
0.053794667
0.043187287
0.044471875
0.07451197
0.9310803
0.9229265
0.91687554
0.1949247
0.13895844
0.10674376
0.05990123
0.07697426
0.90130734
0.91876227
0.9314137
0.91993517
0.92535144
0.918053
0.8799172
0.85645217
0.8753299
0.91406953
0.9203518
0.9045388
0.9196287
0.90445757
0.9245347
0.9253775
0.07175933
0.045209043
0.06323922
0.090622075
0.13198721
0.8258788
0.106602125
0.06947266
0.06503047
0.11874386
0.09913177
0.17323834
0.07722383
0.08052064
0.09839102
0.086471505
0.09084887
0.12128786
0.1007218
0.12354313
0.37776068
0.799295
0.89636344
0.89860874
0.8251074
0.90739864
0.92106247
0.9183757
0.08128571
0.052131962
0.05097036
0.0989632
0.120545276
0.10666637
0.8866817
0.93936086
0.9505645
0.94507384
0.8852389
0.10591279
0.078535
0.06639538
0.0525101
0.05721102
0.08819518
0.80703616
0.882076
0.77540994
0.76043534
0.83260053
0.7382815
0.7574047
0.88749987
0.9042732
0.8022425
0.175875
0.19687825
0.1568039
0.08963025
0.05612027
0.083796084
0.10264222
0.91157854
0.92059255
0.93881303
0.93221176
0.86590135
0.85812724
0.922715
0.9310705
0.06898015
0.053517003
0.049819447
0.0809486
0.084828
0.107683964
0.15950607
0.10021972
0.19706717
0.28073224
0.3050472
0.3045688
0.8993676
0.91138744