0.7932841
0.7749135
0.1525541
0.16759019
0.07559489
0.060755733
0.06474873
0.06274197
0.085684136
0.12469692
0.85682875
0.8282543
0.8375505
0.84522754
0.85184443
0.9367969
0.08513358
0.050016288
0.04779826
0.081627846
0.057915512
0.06533229
0.11542326
0.16662586
0.7952073
0.882519
0.7550413
0.30005908
0.17196018
0.15242073
0.15787587
0.29465792
0.2978952
0.78417796
0.8476143
0.90880615
0.8077007
0.21582112
0.15155575
0.11163423
0.11206613
0.13683853
0.24630241
0.6309284
0.6037588
0.2893354
0.3172058
0.29090565
0.36389795
0.2729249
0.26142955
0.26662657
0.4205014
0.4760825
0.3681833
0.45645553
0.36861244
0.476486
0.4877962
0.37139043
0.27377692
0.26344332
0.25691912
0.32873386
0.3946751
0.48431814
0.4565249
0.30105004
0.26874396
0.27597684
0.513136
0.5569934
0.48733988
0.33750677
0.396868
0.30404156
0.33366898
0.35900605
0.5237712
0.32022208
0.36790013
0.25477952
0.2375468
0.26287392
0.26730853
0.22986107
0.21272263
0.24687013
0.23045447
0.25729045
0.23941264
0.30070096
0.21788107
0.19112583
0.21949583
0.19815394
0.22165212
0.21509407
0.29104677
0.51348025
0.54208606
0.32219076
0.61294526
0.32185856
0.15847605
0.20721246
0.114342764
0.099541046
0.15560135
0.10152054
0.13541238
0.14623185
0.17103317
0.091346554
0.10549037
0.09083993
0.11748633
0.082544774
0.08505288
0.107799456
0.70209354
0.15159248
0.1785762
0.13070641
0.21590549
0.77491903
0.21448688
0.090493284
0.08242684
0.07065181
0.09749245
0.08045738
0.13727315
0.13472396
0.8836122
0.8033546
0.11321069
0.0688139
0.07741721
0.0993113
0.9179301
0.93996525
0.1834375
0.11864998
0.1013784
0.093655236
0.09410629
0.096881405
0.09838269
0.09791395
0.09521503
0.09218843
0.09609402
0.09441204
0.10933675
0.89908355
0.92590004
0.91726506
0.91533196
0.92757
0.9245949
0.91036564
0.91679555
0.90481925
0.91031784
0.92875624
0.908376
0.88373363
0.92237157
0.052391153
0.035919413
0.034129746
0.04906629
0.08358735
0.9284789
0.9336322
0.9405331
0.0982564
0.052181352
0.0467718
0.06534318
0.11031944
0.91847485
0.14294311
0.07013372
0.059711706
0.060046185
0.064181834
0.06915451
0.07392924
0.07721872
0.0797531
0.082735315
0.09397007
0.122557096
0.17852041
0.91178274
0.9076041
0.12129697
0.08971929
0.09418839
0.18530364
0.8387832
0.8890856
0.81159604
0.8808002
0.1378037
0.1163209
0.08164269
0.11538887
0.103819855
0.21444637
0.15450881
0.2310168
0.70918703
0.28206992
0.22367546
0.27748623
0.2626252
0.8114891
0.1868404
0.12990807
0.1224676
0.17028585
0.18331884
0.17074731
0.19582786
0.3163898
0.80034804
0.30141944
0.3573644
0.18968424
0.186586
0.15303841
0.13498294
0.18274993
0.19352704
0.26394367
0.68046373
0.39089584
0.697256
0.80404794
0.36003688
0.22574392
0.35431746
0.18980953
0.28320363
0.16417226
0.13811289
0.18982941
0.17009637
0.31999564
0.20143764
0.30871418
0.20912111
0.19381009
0.36015666
0.37404075
0.19143796
0.17898202
0.24267444
0.23048401
0.6792016
0.39405635
0.20567138
0.16775972
0.2162061
0.20692433
0.3640147
0.7271713
0.82824445
0.21705122
0.15693952
0.13621357
0.201069
0.24602185
0.33398116
0.16325583
0.13943431
0.12092068
0.16291897
0.32163188
0.274461
0.2644793
0.17959075
0.22443302
0.17110461
0.23116523
0.22216815
0.166455
0.13134673
0.14196317
0.22642487
0.22497262
0.38786617
0.48523107