0.1376706
0.07173871
0.09075772
0.06974586
0.056919295
0.060543858
0.059446696
0.102178544
0.85008216
0.105201
0.071585014
0.09080314
0.8942808
0.93941116
0.9255138
0.90158427
0.8703274
0.8824559
0.07787515
0.06798873
0.10562605
0.8404297
0.1051799
0.068483174
0.09042035
0.069205046
0.12127412
0.12050263
0.107531816
0.18903628
0.7833257
0.76709664
0.72940373
0.70233756
0.682619
0.6746169
0.67920077
0.70078975
0.42345402
0.17746279
0.19265239
0.17760628
0.298383
0.8056732
0.25818428
0.092578925
0.06313146
0.062974066
0.11648739
0.116940774
0.78263074
0.77202237
0.79668987
0.8453342
0.93452775
0.87693393
0.07159789
0.052137084
0.043460354
0.046697464
0.04978396
0.07030982
0.08322775
0.14151135
0.12644202
0.8075312
0.15075047
0.10451116
0.11387115
0.7608573
0.11923711
0.08572387
0.10315272
0.82023555
0.8710942
0.15300778
0.08571649
0.09416013
0.74424285
0.124448165
0.1118836
0.8409423
0.89347994
0.8964492
0.8917236
0.881726
0.88096917
0.88798463
0.8814789
0.8688284
0.12604319
0.13295682
0.77461183
0.83361244
0.09825428
0.08280591
0.1266133
0.81035227
0.80330694
0.10772677
0.08660635
0.11468583
0.76330024
0.7642207
0.14602579
0.13192536
0.21904711
0.7364078
0.20455125
0.21923663
0.21412876
0.7770151
0.89042777
0.846667
0.7817207
0.74220115
0.73039085
0.7363093
0.7079578
0.68468314
0.681753
0.7373064
0.8625242
0.86950785
0.20436253
0.13434786
0.1589673
0.13821597
0.13615488
0.32307553
0.8151624
0.9089034
0.812862
0.8162555
0.09569331
0.07387609
0.054935213
0.05684413
0.059028562
0.09364611
0.9151961
0.90855527
0.38264185
0.85068595
0.18007705
0.18142726
0.88415015
0.89996463
0.8840464
0.8600487
0.83627635
0.83224446
0.120008804
0.1268838
0.72167397
0.24761371
0.79085225
0.8397102
0.089587145
0.058462057
0.086102255
0.060393207
0.09546103
0.06795718
0.06466496
0.07587378
0.058536496
0.05991228
0.08438375
0.8313954
0.78234226
0.13654076
0.12320753
0.16738413
0.8791788
0.8963378
0.8839203
0.85934806
0.841063
0.83996797
0.8522406
0.8573839
0.8445932
0.8327766
0.84623224
0.08331898
0.055681758
0.058494303
0.16256562
0.9396173
0.9263711
0.91587347
0.07473478
0.040351536
0.039834652
0.061782476
0.09438967
0.13600846
0.12735604
0.919809
0.9291713
0.15975997
0.14216991
0.7729641
0.09111544
0.08061226
0.058496464
0.07561924
0.054076474
0.04992576
0.049036
0.045853578
0.049499497
0.05581927
0.095324256
0.86933905
0.1653862
0.19529594
0.8950711
0.9166697
0.9388932
0.43690154
0.26444855
0.90448546
0.17193915
0.06435568
0.041093558
0.03729491
0.03507969
0.037469327
0.04756944
0.1101169
0.9263176
0.87002873
0.92779773
0.8509677
0.13162643
0.07430124
0.06453262
0.11173336
0.096583776
0.1159658
0.75361556
0.79826975
0.8941597
0.8145597
0.29337198
0.19201066
0.10943868
0.11534952
0.16191976
0.84407467
0.87240374
0.8836697
0.8918911
0.9028288
0.9159295
0.90256596
0.9019506
0.9137954
0.89517653
0.88168705
0.87339
0.8469866
0.31602368
0.20347363
0.112143606
0.15164174
0.24742787
0.82976335
0.8827598
0.92327625
0.9012956
0.3045253
0.16679561
0.29102933
0.22008464
0.3244001
0.74939406
0.83458936
0.90307903
0.9176223
0.91755116
0.9113462
0.89978296
0.8999335
0.88280183
0.8663053
0.85494965
0.84924513
0.8543032
0.8816841
0.9040138
0.9072675
0.89560556
0.8841624
0.87995505
0.88393533
0.89601403
0.9123469
0.91390663
0.89420295