0.9026974
0.90852547
0.7762125
0.25355735
0.16397159
0.17539537
0.22322415
0.36514768
0.49554476
0.80270535
0.9135066
0.9060417
0.7434879
0.72132605
0.7838871
0.11217142
0.067817256
0.041548524
0.038880523
0.04178017
0.0481411
0.056806017
0.049884964
0.067793906
0.89277107
0.93770117
0.9637942
0.96149355
0.06460137
0.03605821
0.035564397
0.037678197
0.04171828
0.050220586
0.06290001
0.11212556
0.13292426
0.09373272
0.08406172
0.12797861
0.12595382
0.09559151
0.24985297
0.88913256
0.91788954
0.9352623
0.9321976
0.9075001
0.908069
0.86200935
0.8437018
0.83637345
0.82160014
0.19659063
0.15382943
0.30874887
0.88634366
0.18507437
0.10629327
0.12041275
0.6845535
0.72017646
0.14200132
0.16370282
0.17514016
0.13716334
0.80268013
0.8638606
0.09392117
0.057999887
0.04830172
0.040279128
0.04214274
0.036693297
0.035117842
0.037963066
0.07393251
0.27231094
0.9387294
0.9418646
0.9389507
0.9341419
0.94719744
0.91290843
0.06316115
0.042345613
0.039194576
0.04632791
0.0775691
0.8219218
0.14543563
0.08925798
0.13072622
0.16088222
0.13089949
0.79481524
0.7610782
0.13119589
0.12330687
0.1266014
0.12331975
0.81951374
0.89220405
0.9304321
0.92772025
0.84042203
0.76291615
0.76115096
0.8124784
0.8888757
0.89182544
0.9255818
0.9246815
0.8533323
0.17675914
0.112361416
0.086481415
0.07997182
0.119020805
0.35882652
0.8599096
0.7310305
0.7123252
0.83355707
0.7164288
0.22141437
0.32281283
0.72861844
0.7979499
0.17558645
0.18439758
0.100524
0.11589865
0.06323703
0.050797883
0.058490537
0.09225762
0.83509594
0.08934109
0.05472448
0.057545986
0.060462356
0.099189766
0.13510548
0.1666889
0.9414136
0.96092314
0.95222425
0.109458804
0.05707969
0.052587967
0.06105124
0.051124856
0.046027537
0.051314835
0.05029247
0.052083686
0.057552584
0.0836213
0.10116328
0.16932726
0.18468153
0.32090804
0.8424409
0.8084962
0.3699475
0.2914263
0.71767765
0.76025075
0.780697
0.82004905
0.8451421
0.85604775
0.8558318
0.84513175
0.82570845
0.82042754
0.8173204
0.82831943
0.83965814
0.84948623
0.8599713
0.87404186
0.89021206
0.8998393
0.8829305
0.849174
0.8091544
0.79702044
0.82671535
0.87256575
0.86996263
0.8659511
0.876285
0.89051175
0.8707922
0.8468959
0.83357817
0.83532786
0.8506077
0.870643
0.78091687
0.62805504
0.3139418
0.3092657
0.48890772
0.64277023
0.8541085
0.7857326
0.35634175
0.32402527
0.22018895
0.15897183
0.16976456
0.82818377
0.31481436
0.2897076
0.71334887
0.3089406
0.8430577
0.12215309
0.11572633
0.0968174
0.18689239
0.8702841
0.9186655
0.87130725
0.8569162
0.92944837
0.9338748
0.8444501
0.87038255
0.07789703
0.05226571
0.05171075
0.040654473
0.036540195
0.040011186
0.04087156
0.040858757
0.041918557
0.04585572
0.05662208
0.90541005
0.92480505
0.9379657
0.9483895
0.9506306
0.95165116
0.9451388
0.9114043
0.05376825
0.050987706
0.060047537
0.07003209
0.07320826
0.066086516
0.05160386
0.06940047
0.075686984
0.11988444
0.14267209
0.16175334
0.14889982
0.10975862
0.8323413
0.22815676
0.16918305
0.27070925
0.91561097
0.9423616
0.9434539
0.9247334
0.3201552
0.2332738
0.19683221
0.746251
0.13679433
0.13857473
0.23151864
0.89025545
0.92256576
0.9265663
0.91350436
0.8680846
0.9021656
0.90142107
0.8301803
0.79303396
0.7763502
0.21063083
0.17624953
0.20572579
0.12497712
0.12308315
0.26989138
0.38896433
0.7021366
0.22029506
0.2139371
0.34420875
0.37504244
0.5872371
0.7296354
0.68739504
0.32029116
0.2582511
0.21713845
0.24637924
0.6744296
0.7754691
0.8183717
0.86251885
0.8660146