0.783445
0.7796328
0.7657344
0.781633
0.8091398
0.844141
0.77335453
0.80339134
0.65323335
0.30201292
0.2896727
0.2885529
0.23609339
0.29763204
0.62535733
0.18173936
0.13842607
0.11984964
0.16495433
0.14969996
0.13449521
0.24563771
0.14893438
0.15962018
0.6621561
0.14583243
0.11107749
0.1379095
0.7125211
0.7558992
0.8962986
0.19229853
0.23956798
0.16725953
0.7379224
0.13352926
0.14449224
0.12165146
0.066376135
0.05327793
0.058591317
0.0701214
0.07936894
0.07173903
0.12683345
0.15759787
0.8477769
0.12738153
0.11436141
0.117536195
0.81262726
0.15998977
0.12165121
0.14472663
0.88228977
0.11986515
0.0604693
0.06295516
0.09951992
0.84467775
0.08746746
0.053865246
0.0503688
0.073815234
0.8788924
0.8741636
0.87981784
0.9488984
0.08118808
0.049623504
0.058295954
0.097780585
0.8363562
0.08975376
0.05530275
0.052218415
0.05932013
0.079014875
0.0833237
0.067181155
0.05613639
0.0603304
0.06165183
0.062282465
0.06672998
0.076439336
0.20734861
0.94583035
0.9535505
0.24894497
0.060605507
0.051964626
0.04921516
0.070152305
0.08275031
0.06550416
0.07960463
0.12186759
0.17276753
0.89250743
0.79575455
0.13719782
0.07987427
0.06844837
0.07709824
0.13543443
0.13160038
0.17374894
0.10735346
0.15166053
0.13665175
0.14892241
0.27542362
0.877842
0.8881118
0.87945974
0.88809466
0.9218947
0.9247753
0.9049465
0.90415365
0.921264
0.8807028
0.16254725
0.14975142
0.14006665
0.10596412
0.08196557
0.13681926
0.8161961
0.8060261
0.9033407
0.37130922
0.18346652
0.73431516
0.16815382
0.09837815
0.12642922
0.91193825
0.9370959
0.8826204
0.8486531
0.092312396
0.08183437
0.13455103
0.86632407
0.23726577
0.30988705
0.9163193
0.18791832
0.05157674
0.035972837
0.035033125
0.03374162
0.034918666
0.044113755
0.047093824
0.08624231
0.9290063
0.95253253
0.9480125
0.92214495
0.9483511
0.06260274
0.034257784
0.033627328
0.032757558
0.036173757
0.040080346
0.041091144
0.045651026
0.083039954
0.8810209
0.9241171
0.8839694
0.89047503
0.930639
0.84817874
0.100761674
0.08914832
0.05979849
0.061190486
0.07707125
0.15600766
0.76327896
0.72542286
0.71291757
0.7091095
0.21622814
0.16784488
0.14693606
0.1229271
0.15829456
0.31332323
0.855876
0.91914093
0.87661356
0.9030823
0.78058875
0.7157753
0.7912898
0.06875278
0.047321092
0.048436407
0.0747102
0.7920969
0.85245925
0.10810658
0.07933701
0.109483846
0.8823421
0.9232281
0.09842337
0.05845933
0.035473228
0.032981075
0.03293412
0.042093985
0.052059494
0.08642624
0.9391366
0.95818096
0.9617387
0.9257813
0.058156297
0.04174995
0.0518645
0.07609378
0.7809511
0.08780427
0.063517496
0.07220854
0.11410485
0.8984641
0.21345632
0.117726795
0.12243867
0.7714634
0.7829816
0.09937773
0.07258366
0.07552157
0.1169783
0.899924
0.83018017
0.148476
0.075067565
0.05720189
0.07083829
0.14658119
0.1847681
0.14742276
0.12673943
0.1438597
0.7918957
0.7968602
0.13839561
0.106433816
0.113243304
0.09423194
0.08421336
0.11964517
0.19237852
0.8263127
0.3276247
0.65871215
0.28020686
0.62848616
0.38595524
0.25727007
0.4201327
0.48091707
0.29862627
0.68316424
0.70852476
0.12006235
0.08800394
0.08055448
0.16045572
0.9210344
0.9362728
0.25528005
0.06551069
0.0564277
0.075094625
0.1330041
0.87896883
0.17962012
0.16128156
0.89206535
0.90930307
0.9100747
0.91652614
0.93631476
0.89221245
0.9259263
0.06584951
0.04528149
0.06541151
0.06736321
0.048834406
0.055851273
0.09958723
0.8703331
0.90797305
0.27664566
0.13230097
0.14476772
0.13124296
0.7572983
0.86604905
0.921676
0.9367657
0.9353067
0.92514807