0.6719024
0.3019637
0.2645087
0.33391547
0.8527941
0.8959698
0.82373923
0.8558796
0.67950004
0.14976081
0.124848425
0.15794536
0.31341934
0.30784273
0.48436233
0.65449864
0.88059205
0.8888196
0.6908759
0.3466174
0.3010503
0.24781033
0.40110278
0.33188227
0.8490574
0.7694181
0.17003353
0.09735325
0.09125024
0.07823112
0.08647602
0.86643016
0.93998444
0.9477064
0.9359711
0.09558012
0.07029584
0.12663704
0.092882246
0.14725305
0.8591744
0.7674322
0.73963064
0.837542
0.22663449
0.1810905
0.23081729
0.89096856
0.9194598
0.8292384
0.13029401
0.11711882
0.15330163
0.8880822
0.91385233
0.78948915
0.78074807
0.0880819
0.052417032
0.057789456
0.0567046
0.047298506
0.04440943
0.076586366
0.08147611
0.89879996
0.92261
0.9570314
0.9538732
0.075431906
0.05142734
0.046782263
0.06439229
0.10809734
0.116596825
0.08804541
0.102262296
0.776138
0.8276499
0.1554822
0.10337383
0.07702779
0.04814442
0.051905822
0.04040371
0.04831823
0.050359666
0.087975495
0.90499336
0.9287737
0.94737643
0.9519905
0.95223343
0.9445714
0.89795506
0.053648956
0.03721996
0.05025907
0.045665443
0.07135556
0.06030872
0.092143714
0.08937257
0.1722173
0.81645846
0.805978
0.9150845
0.92862904
0.108883195
0.0650919
0.060855582
0.06693998
0.11182737
0.80006045
0.11444971
0.082792774
0.098996975
0.15712893
0.1665308
0.0858764
0.09544116
0.058175817
0.061171047
0.088426985
0.8169494
0.815043
0.0938957
0.058526967
0.05684989
0.096992575
0.88976693
0.82580954
0.8775025
0.13500442
0.13513583
0.8050319
0.069928795
0.040868066
0.03575821
0.035284005
0.04211664
0.095505506
0.9511603
0.96091354
0.95384467
0.10207058
0.0372795
0.03353035
0.036659226
0.044291563
0.07440917
0.8753148
0.15092997
0.12053606
0.80714476
0.85502994
0.9373381
0.9386287
0.87478036
0.0900511
0.062444117
0.06712825
0.10881421
0.8501176
0.91096616
0.09614184
0.059144787
0.06404346
0.09942567
0.18360451
0.88159496
0.28660536
0.24016166
0.30681378
0.2380962
0.24920581
0.71370524
0.1338278
0.10798668
0.097840466
0.11869189
0.29169616
0.89281505
0.92194796
0.92861855
0.923215
0.89311653
0.71708006
0.6421912
0.65107864
0.14215441
0.12812068
0.16041085
0.77772564
0.8967563
0.7733161
0.69302416
0.11192264
0.10638966
0.12803489
0.6621676
0.19808039
0.1737602
0.16684031
0.22008939
0.2704481
0.24926756
0.40709373
0.93209046
0.9486797
0.10907213
0.04709616
0.035186395
0.03538684
0.0398269
0.03804441
0.03596986
0.03624984
0.04218432
0.08350246
0.95086426
0.96121293
0.96248156
0.08133828
0.03322283
0.029193548
0.029839417
0.029568352
0.03402146
0.04715861
0.061121605
0.92043966
0.9409782
0.95627874
0.9637783
0.9552328
0.05865198
0.041516636
0.046738055
0.045438997
0.053270027
0.04735711
0.054827176
0.07579205
0.08888431
0.07691278
0.06971246
0.055938963
0.052416842
0.051275328
0.048577413
0.05000503
0.068479754
0.13822892
0.8924297
0.92319643
0.8248245
0.1277822
0.08035281
0.094664015
0.121806964
0.21826853
0.28404874
0.29866558
0.08991665
0.09187259
0.09294524
0.8283027
0.9127451
0.8370212
0.9349021
0.072713785
0.03776882
0.034096874
0.033581577
0.037147067
0.056499615
0.093119495
0.9047009
0.57010674
0.8752104
0.89778006
0.9108517
0.9287807
0.9000995
0.9119441
0.85009164
0.83220994
0.34298798
0.8924129
0.07853001
0.05423758
0.038110446
0.03737639
0.043868102
0.049841937
0.07669695
0.8181342
0.8192474
0.81321335
0.9174694
0.1512405
0.141953
0.06823969
0.06517994
0.08813775
0.114522316
0.31327802
0.58669746
0.8648164
0.4043432
0.29339278
0.22423993
0.33956274
0.8054721
0.86540073