0.78655654
0.79183567
0.7855697
0.80334854
0.8305804
0.85712755
0.8189373
0.830354
0.7502468
0.6639303
0.66756856
0.6686484
0.6213712
0.35925797
0.23637442
0.20407659
0.1981426
0.20453444
0.5476791
0.2737373
0.23805904
0.357921
0.21705177
0.2147599
0.20014162
0.5660503
0.58496845
0.30065063
0.28410128
0.7750513
0.8913533
0.8507811
0.89044577
0.7871705
0.7664522
0.11576896
0.081439
0.11424924
0.11781105
0.120859206
0.111954875
0.1787737
0.87651247
0.90122
0.92598057
0.3229759
0.1400222
0.228161
0.2519743
0.23848215
0.74844843
0.7833938
0.77885747
0.7922328
0.86592036
0.8142482
0.77418685
0.74149185
0.16467631
0.12449097
0.12002469
0.193416
0.7735788
0.799976
0.82996887
0.8453635
0.84372216
0.8323513
0.86321497
0.9332582
0.94147074
0.19593833
0.053049605
0.043520153
0.044310015
0.048588738
0.06430251
0.09022531
0.7815473
0.77600443
0.27262172
0.32544923
0.42609134
0.8681009
0.88721997
0.87347287
0.83598703
0.28597343
0.27441424
0.49376667
0.9049517
0.90650827
0.14135301
0.12379324
0.15743606
0.89892673
0.9308086
0.9246387
0.10225501
0.0657523
0.07845035
0.104752705
0.1223358
0.14785178
0.7213764
0.74360234
0.17642678
0.11658838
0.10960541
0.17026797
0.120445885
0.078627266
0.08607483
0.14380804
0.1367629
0.1500043
0.20461603
0.8641636
0.87691313
0.87120914
0.8878683
0.92373586
0.9264876
0.90171015
0.88705945
0.8840934
0.8689819
0.27722678
0.18500519
0.15305592
0.1021626
0.07461149
0.10468237
0.77884257
0.7967359
0.9235835
0.23714513
0.06320923
0.054612275
0.06737975
0.058674205
0.09331752
0.9346737
0.9500304
0.9075753
0.883764
0.06323778
0.04181106
0.0486441
0.059154924
0.074168704
0.15236288
0.92169726
0.15529156
0.081310466
0.05694802
0.044458296
0.040184163
0.05747227
0.07023475
0.057065114
0.09422583
0.92042893
0.94754446
0.9442896
0.93163526
0.949456
0.14294094
0.04202888
0.043451574
0.042343184
0.038696513
0.03774669
0.059761323
0.0646641
0.13176477
0.8796497
0.9290845
0.93779343
0.907871
0.91846246
0.8186407
0.7852757
0.10880647
0.09968838
0.064902194
0.0643407
0.07417404
0.12122488
0.12685077
0.14669998
0.79982746
0.830289
0.8405854
0.8364208
0.7856518
0.2965993
0.3318856
0.51333225
0.8264713
0.9050536
0.8785651
0.8926141
0.8029892
0.72263724
0.12814322
0.09576415
0.099823326
0.11846316
0.18101004
0.66477644
0.6640256
0.64079696
0.29594958
0.37773216
0.25107393
0.2461067
0.3548295
0.79180366
0.31704703
0.2898458
0.6669094
0.83951724
0.271392
0.19165085
0.14084797
0.17942671
0.123495616
0.17402102
0.13791862
0.15561177
0.88513505
0.81075263
0.23271413
0.10785024
0.09778769
0.13390417
0.8222348
0.9066232
0.35881898
0.26106626
0.22984147
0.1563188
0.73951286
0.7125208
0.69479966
0.6936832
0.72789586
0.91369665
0.12188483
0.082227565
0.11462707
0.8566835
0.13005939
0.06996836
0.057652187
0.090880245
0.9067066
0.89044076
0.9148827
0.06814154
0.040535342
0.039276544
0.04004186
0.06328806
0.90762323
0.9223594
0.8987433
0.9002203
0.08530191
0.0713563
0.104887225
0.86195266
0.14201972
0.13204058
0.80938447
0.8240942
0.8628669
0.16212916
0.092082664
0.12683316
0.13722774
0.80278295
0.23503125
0.13377027
0.20479266
0.8594926
0.9171121
0.9170773
0.8229782
0.7706484
0.7521683
0.15695722
0.17208533
0.20651166
0.32595736
0.8882235
0.89262915
0.34930632
0.14209947
0.14535034
0.23114786
0.69282895
0.68594015
0.19380474
0.19384962
0.1879348
0.14633305
0.20802203
0.26712155
0.41299963
0.3444786
0.7882204
0.32855853
0.347382
0.79081345
0.41868496
0.19026129
0.18574016
0.23064479
0.30593798
0.8562399
0.8806432
0.7678215
0.6986689
0.6537669
0.69549406
0.82158077
0.89929986
0.92185444
0.92303574
0.9100049