0.9003155
0.91390115
0.89625895
0.6127427
0.25507766
0.30563524
0.39424083
0.42223185
0.81806165
0.911535
0.8522099
0.82158035
0.91811496
0.12577489
0.055142786
0.043739974
0.045354325
0.06740961
0.10313212
0.8927376
0.17957221
0.17618944
0.8227611
0.08529858
0.057737738
0.064139664
0.09924939
0.84862095
0.2769888
0.8439671
0.119440444
0.08079737
0.13588315
0.9095833
0.9233131
0.91528577
0.10885364
0.08857847
0.1653683
0.87962013
0.28033432
0.81648564
0.13236159
0.08814107
0.0668076
0.08527526
0.76086855
0.24264708
0.22978519
0.87770593
0.8788287
0.8760495
0.87425035
0.87731934
0.8959423
0.833404
0.7543207
0.7473541
0.8240967
0.9070769
0.91742444
0.8800505
0.86581314
0.9031898
0.8600608
0.9064284
0.21147288
0.1136735
0.076576106
0.090444624
0.8287026
0.12213565
0.057041425
0.051839594
0.085304394
0.92459416
0.93178296
0.95962995
0.12978826
0.041846644
0.034935378
0.038110923
0.041186787
0.04575632
0.07189419
0.14898804
0.9158516
0.14285883
0.11190542
0.07173486
0.07212864
0.08120862
0.23245835
0.9037719
0.85473865
0.9058043
0.8338545
0.79580003
0.782466
0.76572603
0.78526187
0.09788237
0.060980074
0.052547213
0.086311154
0.070003904
0.05540611
0.059455026
0.0683951
0.08871475
0.86929417
0.8748021
0.25603542
0.12545009
0.22172953
0.90541816
0.9330835
0.9346253
0.91490626
0.91807
0.88427675
0.8850197
0.9116067
0.19975138
0.09296197
0.14514229
0.8091663
0.82813317
0.17317131
0.186994
0.18647656
0.11966473
0.23041938
0.81419146
0.86558646
0.8964542
0.91637003
0.88648987
0.8676318
0.8979588
0.87144357
0.83503675
0.79257166
0.7606481
0.1453362
0.09144905
0.08689104
0.11416284
0.73615044
0.78577584
0.16314058
0.088212684
0.083778515
0.0945135
0.11243808
0.7980673
0.09615126
0.056681104
0.06599458
0.055350903
0.04570029
0.055137794
0.052019786
0.10659717
0.9322053
0.9295737
0.92272264
0.8973677
0.8816537
0.9180087
0.07615463
0.05779961
0.0859054
0.23785497
0.91763306
0.92504096
0.91060024
0.8932672
0.8815565
0.86209637
0.8803906
0.08274976
0.063665316
0.052894443
0.07708748
0.8956152
0.8519502
0.8284742
0.91567266
0.8731295
0.07400931
0.048276007
0.06031414
0.064900294
0.1568376
0.8485295
0.83884925
0.10677381
0.090995826
0.09462366
0.13714665
0.1790932
0.2325934
0.33385253
0.8981761
0.8848849
0.8888659
0.10691581
0.07859036
0.07962754
0.0971303
0.1476299
0.1280453
0.06939016
0.07464248
0.07734079
0.09748837
0.7400912
0.18021965
0.25910884
0.29840034
0.20308635
0.43737498
0.8129131
0.84223294
0.85594285
0.87573093
0.8944496
0.83912146
0.7855829
0.82229805
0.8950438
0.9169382
0.91485494
0.88653654
0.36786607
0.23547275
0.20786525
0.15499596
0.18421161
0.26176104
0.21577112
0.7184846
0.8073816
0.9301245
0.9464482
0.93671143
0.8525609
0.14771251
0.053001586
0.054715592
0.04333544
0.059312675
0.047932085
0.051226463
0.09064774
0.8774576
0.87509054
0.10614653
0.09178996
0.07831247
0.057797715
0.104178354
0.91281366
0.9088874
0.9081936
0.91566914
0.92503756
0.90674186
0.89549387
0.9025898
0.9223994
0.92137814
0.929072
0.91291976
0.087930344
0.08801319
0.060894005
0.23664545
0.9124775
0.93634486
0.93769425
0.9154343
0.8944582
0.8910389
0.1885259
0.2890144
0.8703904
0.9233243
0.91157585
0.8835401
0.8556319
0.22396587
0.17926458
0.8647373
0.86967504
0.8561869
0.8543036
0.8536816
0.92202544
0.112057224
0.057479326
0.066168755
0.08038435
0.12088103
0.10696693
0.116760716
0.13851227
0.13686846
0.779204
0.7823606
0.2772796
0.1287998
0.13667557
0.14048038
0.13095798
0.20703961
0.15419815
0.19509894
0.22814985
0.26144448
0.33965996
0.2503374
0.3622919
0.3161773
0.611091
0.8515453
0.8366201
0.8654352
0.7548439
0.44308093
0.2413785
0.18610477
0.18437946
0.2976889
0.82823193
0.8997102