0.82646227
0.8717993
0.83701015
0.80641013
0.86635804
0.8496652
0.2666339
0.19688591
0.18936808
0.24477842
0.3272376
0.2296027
0.20510621
0.6050523
0.6383973
0.6860455
0.8226369
0.6606881
0.19439712
0.1626424
0.28781047
0.7983881
0.9001337
0.9036239
0.8282189
0.81496304
0.4409075
0.44323146
0.39072654
0.3427149
0.36627895
0.7842886
0.80273974
0.3672743
0.34654924
0.31324285
0.6006541
0.7799283
0.61068565
0.17320149
0.15761308
0.15835506
0.18687937
0.8627287
0.8952664
0.14625905
0.11103086
0.13190287
0.13424443
0.80082417
0.8140713
0.81756455
0.8456522
0.11412191
0.11102526
0.05303742
0.051161878
0.05927638
0.09414658
0.13775158
0.09515495
0.11864118
0.093266055
0.10402955
0.79546094
0.1152676
0.08439696
0.108562075
0.8181824
0.15235677
0.082829446
0.09381525
0.77602863
0.13532883
0.13603158
0.8818418
0.933903
0.9234556
0.91561186
0.93172634
0.2664458
0.14024608
0.7490937
0.08829988
0.08256205
0.1321026
0.85799164
0.1298769
0.11046539
0.13699722
0.8921931
0.9212968
0.8824958
0.81698585
0.78734237
0.74597895
0.7152364
0.7198553
0.7443086
0.7880858
0.80516404
0.793496
0.91458106
0.08592465
0.05152688
0.042204943
0.047892965
0.04817268
0.081639044
0.93179184
0.9389148
0.1689029
0.13633138
0.123020016
0.8299039
0.06842112
0.04107322
0.03639865
0.038543418
0.059111524
0.92218524
0.9559713
0.96245027
0.95272
0.057311576
0.037544902
0.036174364
0.041836992
0.07250888
0.87576115
0.18336213
0.17458996
0.32837638
0.9234246
0.8845458
0.9292326
0.07577847
0.045980368
0.053440865
0.05022271
0.1037112
0.17571935
0.931217
0.9373208
0.8743904
0.17785761
0.08958365
0.0756069
0.08486342
0.04919582
0.058713503
0.04429841
0.049212918
0.06858213
0.06769969
0.07995463
0.91724527
0.9115151
0.9554334
0.92148787
0.064766616
0.040332243
0.042441137
0.056459375
0.044101704
0.05298261
0.06300548
0.07717905
0.12241895
0.15690146
0.17703117
0.8909433
0.9414346
0.94266754
0.93079555
0.103499554
0.093118526
0.08654825
0.059462182
0.08181564
0.08557435
0.11768905
0.72678447
0.1553393
0.12264564
0.18447082
0.2513509
0.8717261
0.8652791
0.6784804
0.27857965
0.41662988
0.40968466
0.71176237
0.84939647
0.15340114
0.10191077
0.11424464
0.1562483
0.17715102
0.6497022
0.72142977
0.74387926
0.120049566
0.103114024
0.08530061
0.13448092
0.09987571
0.09441475
0.108899154
0.06372739
0.060519442
0.11101234
0.9347569
0.9123971
0.088134095
0.046623506
0.036511697
0.03512383
0.0359858
0.041027896
0.039376892
0.05666262
0.9070092
0.9307906
0.95537335
0.9571099
0.9112053
0.85544604
0.880095
0.054781675
0.036629155
0.040796258
0.05600162
0.04780361
0.053208657
0.0786063
0.080038175
0.058702063
0.055060785
0.053660978
0.07704167
0.15162233
0.8379314
0.8281325
0.2162603
0.12780218
0.08988303
0.14779578
0.14444368
0.77738976
0.92250973
0.10130217
0.051902786
0.04606675
0.04931997
0.073127925
0.74894834
0.14124173
0.14755383
0.8275345
0.4107757
0.87676823
0.925091
0.8583602
0.807034
0.8364142
0.31800428
0.87091625
0.14220986
0.046094615
0.037265554
0.036415193
0.038419902
0.04797723
0.0855434
0.90625536
0.81140023
0.91097754
0.1101206
0.08577925
0.09923291
0.8111997
0.9039454
0.122607574
0.10495619
0.12320314
0.90188915
0.918481
0.9363598
0.8831631
0.9141047
0.08719158
0.07860197
0.111322194
0.88257414
0.81470615
0.09866444
0.08422037
0.12071613
0.87196213
0.098669544
0.07635345
0.060657114
0.0827153
0.8901177
0.9364053
0.8519467
0.8572874
0.07876232
0.059526913
0.0771616
0.0900877
0.80744535
0.79050535
0.90319276
0.85613877
0.08842984
0.08553199
0.05991442
0.07663015
0.19687411
0.9211412
0.90137744
0.89326274
0.9409072
0.9400174
0.15027036
0.12729625
0.07200168
0.05442984
0.041954648
0.039789036
0.043908477
0.05016097
0.10703453
0.9222809
0.9439227
0.9351049