0.6763899
0.2771092
0.21867773
0.20828977
0.23799835
0.24530919
0.55924517
0.6462739
0.7393378
0.87021005
0.8741238
0.66156906
0.17332289
0.12996845
0.14184768
0.17849584
0.26347244
0.2720614
0.37743115
0.290328
0.8746548
0.89439046
0.34027147
0.24812159
0.7706354
0.9009872
0.833943
0.0886816
0.072745696
0.065931894
0.058804102
0.0701301
0.08723313
0.055681985
0.056509044
0.048781022
0.04529423
0.048782427
0.07449296
0.8443717
0.93568885
0.17011976
0.1290297
0.12051364
0.8261002
0.073914275
0.049847133
0.04623985
0.054565813
0.09614578
0.9316094
0.9562243
0.9614241
0.9528
0.068738006
0.03906345
0.04903567
0.05981644
0.08558392
0.8845698
0.16080168
0.14374831
0.2605397
0.9257212
0.8848453
0.066575214
0.04055782
0.03645651
0.0416786
0.07152375
0.9185552
0.8936324
0.936338
0.8433372
0.84124523
0.07087113
0.058937095
0.053425804
0.092222065
0.90193003
0.938351
0.08670234
0.056887183
0.040790398
0.045007333
0.06644933
0.9070579
0.9135665
0.9543042
0.9192514
0.05926879
0.038430158
0.037462384
0.049973488
0.08938491
0.87037826
0.84479505
0.17566957
0.09602648
0.118228994
0.11111954
0.8574355
0.9289367
0.9327344
0.909424
0.19386986
0.21230528
0.7846577
0.80373883
0.9003738
0.096784964
0.06814514
0.07345082
0.11337049
0.21986486
0.24052013
0.41221753
0.47024363
0.3771806
0.8360968
0.72142345
0.22425213
0.29390046
0.18181778
0.23068585
0.37794968
0.2021622
0.13230559
0.103165954
0.12682696
0.18127584
0.15464546
0.10906935
0.14110945
0.2137667
0.14540479
0.1253246
0.1470836
0.08139579
0.08938753
0.11747341
0.8192787
0.88836336
0.10277225
0.052796517
0.039271127
0.036658745
0.035376914
0.034996692
0.03969017
0.057800286
0.90800226
0.9303336
0.9542709
0.95593995
0.9112499
0.85993195
0.8904759
0.059903223
0.050476905
0.037919823
0.05258022
0.045840632
0.052140925
0.08370141
0.09860675
0.07169431
0.093457475
0.066664
0.097567156
0.17539626
0.8097537
0.78938705
0.2539549
0.17418398
0.2017749
0.15813209
0.31893712
0.7810962
0.9221034
0.109564506
0.053359907
0.04180699
0.03920154
0.035731193
0.037041146
0.043900676
0.08158158
0.9109638
0.9397588
0.90877455
0.93952394
0.85891896
0.06753762
0.053767234
0.060221884
0.104171865
0.9046883
0.82227033
0.81240183
0.09978249
0.07493299
0.07797416
0.11636538
0.8895076
0.80270505
0.9112937
0.10635575
0.07729189
0.06263454
0.06670252
0.11353265
0.8809882
0.13111326
0.112366825
0.13040309
0.91053414
0.9258404
0.94780713
0.9081861
0.9388349
0.061584804
0.038991187
0.0393261
0.056515176
0.046152994
0.05456138
0.11955957
0.14985594
0.8937223
0.14306226
0.12545316
0.09353927
0.11606385
0.8628475
0.9252699
0.81621546
0.7840584
0.0958665
0.08011944
0.113646865
0.11946334
0.72424465
0.711633
0.8741295
0.21321717
0.18088722
0.8324132
0.12890655
0.11188964
0.12002795
0.8405387
0.17498897
0.16575123
0.90623415
0.9418455
0.91077477
0.936449
0.08008207
0.04395216
0.03637585
0.039853927
0.077186264
0.92881155
0.9528138
0.95230305
0.07582819
0.037106216
0.03336791
0.04068442
0.05882982
0.91213506
0.932036
0.9583719
0.95269185
0.06378723
0.043821782
0.042885214
0.05894477
0.10795252
0.9158261
0.12774774
0.05515116
0.047839846
0.060434096
0.05618541
0.06289334
0.10801011
0.900539
0.16741908
0.108116835
0.11056096
0.7001877
0.14824298
0.13474186
0.74705493
0.74433434
0.09764426
0.06207517
0.077125855
0.08335635
0.8776328
0.9390786
0.9443905
0.89956796
0.21488921
0.13580999
0.7840212
0.07063692
0.046312746
0.045133095
0.06910414
0.90928364
0.94861937
0.91805243
0.06903189
0.046412244
0.047517486
0.07384526
0.7857526
0.17306054
0.24499057
0.92295694
0.9405863
0.92821074
0.08957303
0.082718216
0.07285412
0.08547267
0.7836364
0.8376109
0.8646147
0.8940214
0.91823566
0.90784997
0.90870374
0.87319744
0.8691357
0.80134207
0.80916893
0.88809943
0.9081156
0.8941
0.9200406
0.9244675
0.8991708
0.18035764
0.21676761
0.12664793
0.14341277
0.345222