0.7887144
0.7942216
0.78787917
0.80545396
0.83244187
0.8591468
0.8200399
0.83264726
0.7526307
0.6747662
0.6859073
0.69651765
0.6736278
0.34099153
0.19637698
0.14559175
0.12309857
0.104606956
0.111400865
0.15479867
0.19446607
0.862694
0.7677269
0.76110715
0.75284564
0.118421085
0.072020054
0.08002152
0.089610115
0.14982373
0.23891738
0.15579845
0.2799035
0.18885885
0.7660604
0.1622348
0.17061049
0.10376419
0.065819845
0.0718238
0.12662554
0.15704875
0.8694243
0.8945489
0.95121205
0.9514644
0.8856431
0.060933407
0.047213774
0.03586478
0.038483746
0.044898815
0.06010467
0.11957683
0.9059832
0.26628953
0.21615191
0.2885396
0.89975023
0.93394876
0.9264066
0.9077353
0.8888421
0.8730795
0.86377054
0.84865254
0.11921675
0.12527525
0.24953939
0.90424544
0.20532534
0.12126594
0.10667246
0.09503371
0.081625946
0.09568219
0.15760759
0.91656387
0.8497247
0.93029356
0.14465883
0.10564106
0.050414126
0.049032517
0.07406444
0.8476741
0.89059985
0.10041928
0.057340678
0.054023642
0.06720927
0.89063436
0.92053026
0.95466894
0.9502801
0.07110538
0.04697481
0.054171663
0.09935461
0.8188838
0.08623483
0.055655017
0.05352008
0.078282155
0.21166395
0.9162368
0.87766755
0.8298867
0.82448757
0.829348
0.845129
0.8867725
0.9366301
0.9445835
0.9346048
0.86708343
0.08078859
0.07263552
0.05249235
0.06916799
0.1457307
0.12387914
0.08600986
0.106225654
0.17242669
0.21179458
0.8666561
0.24495734
0.12965778
0.09834245
0.0751982
0.0767171
0.083189026
0.1487904
0.87093645
0.20956452
0.27354124
0.20860168
0.77934206
0.09225175
0.06949601
0.060292356
0.058311697
0.089644864
0.929756
0.9404501
0.12636398
0.076362506
0.08359445
0.07022686
0.08191527
0.2123507
0.93708575
0.9317061
0.9105226
0.099936835
0.062188
0.08612616
0.9058978
0.9343765
0.9106823
0.8715165
0.9070774
0.09657967
0.078354694
0.18293631
0.9067621
0.8975327
0.8615322
0.8316174
0.84294
0.11704881
0.10575704
0.07130331
0.09645152
0.17589009
0.3260842
0.91235876
0.8217187
0.116280004
0.09293537
0.16621035
0.21998018
0.20333824
0.7739475
0.7601787
0.40290165
0.21823497
0.14455485
0.22930731
0.1504842
0.14189582
0.2206037
0.6729614
0.21471736
0.17884731
0.32112533
0.74518234
0.73895407
0.270707
0.3679942
0.3944267
0.85021704
0.9140449
0.8109982
0.16550471
0.18895674
0.17907543
0.70545393
0.69211465
0.24317735
0.19783607
0.20586772
0.6864892
0.7524
0.79755056
0.8099974
0.79743344
0.7873636
0.83552843
0.89305085
0.88342965
0.90227234
0.8851746
0.8969891
0.8264885
0.7405934
0.12559642
0.09422211
0.09917582
0.11819667
0.18051289
0.6655279
0.6624012
0.63666403
0.3127744
0.39492792
0.27150992
0.26866984
0.38334543
0.7759834
0.34825602
0.31528503
0.63342893
0.800869
0.36111134
0.2806178
0.23225899
0.32785138
0.317209
0.19518553
0.1355643
0.12793057
0.17034099
0.6824805
0.67274296
0.16083123
0.13058527
0.16921018
0.787127
0.9161404
0.9301602
0.9160216
0.24867941
0.17188229
0.6714303
0.70905274
0.24593727
0.716197
0.7525986
0.93008846
0.1074386
0.057458997
0.0468707
0.043814648
0.042729646
0.046289425
0.04688215
0.047996815
0.0538997
0.081841305
0.8944471
0.90856886
0.09109461
0.052473832
0.045738474
0.08383283
0.91474086
0.9374774
0.9477915
0.9561321
0.92375296
0.9135642
0.06326248
0.04431456
0.05996822
0.10385484
0.86172855
0.08421246
0.0511334
0.05098544
0.048588615
0.055368237
0.046534073
0.04564589
0.05618475
0.05718225
0.10305575
0.90111303
0.92657053
0.9161497
0.341754
0.7704786
0.7811994
0.231031
0.31464526
0.8155623
0.84010434
0.9118742
0.90662926
0.31968132
0.13748334
0.1610132
0.76039654
0.7841098
0.30467036
0.1111525
0.104846306
0.19529217
0.18883689
0.21705619
0.25867912
0.3829025
0.3211531
0.7924792
0.3189148
0.3377621
0.7931458
0.4128249
0.18703605
0.18289712
0.22758666
0.30266216
0.8571193
0.88128245
0.7685396
0.69924235
0.65416855
0.6959232
0.82191056
0.89943063
0.92193216
0.92311084
0.9100886