0.75754815
0.7514889
0.7824512
0.8460933
0.8189753
0.79575837
0.817811
0.64777905
0.3438648
0.3337789
0.33878303
0.32932714
0.28516108
0.47780064
0.29780337
0.24356581
0.23752439
0.3264026
0.25733075
0.2676348
0.5623927
0.58719265
0.3384037
0.4046116
0.29540914
0.36110577
0.33855736
0.36340275
0.3553195
0.8431222
0.8732663
0.7433206
0.17005576
0.089292906
0.07386534
0.070940115
0.13005657
0.12552935
0.1954062
0.90033376
0.2728356
0.08740002
0.07309024
0.11087968
0.087570585
0.13633181
0.16687204
0.15239775
0.7442532
0.14600776
0.17337891
0.17453185
0.9058159
0.18121006
0.06133127
0.05113064
0.049478665
0.059283208
0.055196825
0.055431277
0.053319696
0.05233467
0.05104362
0.05552309
0.08206524
0.8261514
0.088370025
0.055528846
0.06375076
0.0993648
0.9140308
0.9385337
0.9451602
0.9443286
0.9425236
0.9351111
0.9476955
0.9450218
0.90913707
0.04324513
0.028906517
0.02675778
0.029240614
0.0322891
0.03304006
0.03468165
0.040681336
0.069961
0.9163631
0.9107256
0.17461039
0.15649237
0.8265827
0.8872623
0.9152581
0.9295246
0.85704833
0.15403582
0.16361141
0.87933224
0.9245522
0.92122495
0.9396078
0.93864304
0.9043583
0.18565367
0.05236535
0.05678662
0.046025902
0.044723947
0.057883233
0.08318105
0.08074329
0.14137666
0.2046229
0.72786415
0.23231687
0.26002198
0.31493726
0.3172148
0.8202038
0.7044718
0.61776567
0.23635511
0.19022216
0.22086847
0.19469765
0.25083646
0.24489391
0.47623852
0.73616594
0.78800946
0.82759625
0.9193767
0.9201807
0.8235484
0.9021607
0.14116538
0.06706388
0.05594108
0.055082273
0.10298147
0.11581144
0.069061376
0.06649897
0.11638996
0.16417329
0.87873876
0.92635036
0.09413135
0.06339702
0.07544726
0.14314197
0.93027985
0.9459714
0.9404794
0.137793
0.093688734
0.094620906
0.8468498
0.8830732
0.87149125
0.8666058
0.095098734
0.093525365
0.09850514
0.8702698
0.9309735
0.8878735
0.16058895
0.113609605
0.08347828
0.102558665
0.71819574
0.74013424
0.1721342
0.15602383
0.11170093
0.15278731
0.8824925
0.9099568
0.89416015
0.89483917
0.9126553
0.9104263
0.8832569
0.87761956
0.8279903
0.8284478
0.8846807
0.89890283
0.8778576
0.8741519
0.7610353
0.63094884
0.40623486
0.2165633
0.21523966
0.16861302
0.16993998
0.3079176
0.33037096
0.8493536
0.81747204
0.8093933
0.86459506
0.79682964
0.8067015
0.9147545
0.9307177
0.925471
0.137692
0.072820835
0.051374163
0.048523292
0.055392306
0.11093775
0.92194605
0.8776196
0.12631439
0.09432444
0.049374316
0.04704447
0.07559132
0.9299677
0.94672495
0.8671219
0.9437651
0.06446703
0.035180274
0.034710906
0.039033104
0.032451466
0.031821813
0.0395603
0.040746473
0.07705373
0.92448574
0.9408898
0.9572936
0.9563461
0.9234115
0.121117584
0.12000576
0.8296067
0.067187324
0.03956894
0.03676295
0.03939213
0.041296672
0.050294675
0.09047182
0.87749183
0.9159948
0.09845087
0.066635795
0.0657119
0.09279051
0.28633928
0.91566247
0.93105847
0.9252499
0.85367846
0.8224692
0.89636034
0.9146745
0.90387803
0.84495974
0.88262016
0.8179157
0.78295034
0.82992125
0.0791012
0.072074324
0.044669755
0.0450341
0.048278768
0.08551049
0.90758085
0.35118517
0.22784045
0.90078056
0.09589759
0.046501394
0.04066026
0.05111857
0.112404354
0.92953295
0.93886966
0.92538023
0.9233714
0.08652991
0.07126058
0.04785062
0.06313481
0.10717197
0.83159435
0.16507508
0.18987997
0.87528974
0.1426706
0.1274913
0.25625598
0.911994
0.10249453
0.06589735
0.048077308
0.04550817
0.04644202
0.045056473
0.05251007
0.11731237
0.15388478
0.9287006
0.9285489
0.8090444
0.10582122
0.09937509
0.08670008
0.099047214
0.18851167
0.14759304
0.23356748
0.7176928
0.23735832
0.21471024
0.7034972
0.25171056
0.30734894
0.12813883
0.07246321
0.05817503
0.05920826
0.057047814
0.057307802
0.15683883
0.9206421
0.93116176
0.9245259
0.9324523
0.93308896
0.9285683
0.89828485
0.9204106
0.8547566
0.06136113
0.045385383
0.04775869
0.087637894
0.09674408
0.08864733
0.17741743
0.20539303
0.3393238
0.7410017
0.18344833
0.145013
0.15133634
0.17397517
0.20966002
0.23556456
0.72122014
0.8984559
0.9197195
0.15763766
0.13419849
0.09548709
0.12049069
0.068053424
0.06063726
0.06459424
0.11210086
0.11094293
0.7803832
0.13499382
0.13159801
0.17259996
0.87973404
0.9237599
0.93090576
0.91937405
0.917946
0.9007046
0.9043314
0.88147676
0.88860565
0.9159866
0.9057445
0.45764005
0.2817242
0.26101926
0.8577481
0.85875225
0.8481215
0.9053897
0.864757
0.9192036
0.8821809
0.07422413
0.038857523
0.035400208
0.035054933
0.051333304
0.07445385
0.8810941
0.86650884
0.11744435
0.08379936
0.22259004
0.9207291
0.92619514
0.89861375
0.8580483
0.8438695
0.13267802
0.115995504
0.85530937
0.9276037
0.9382032
0.92518836
0.93996674
0.93461937
0.88864285
0.053458676
0.03590533
0.040402554
0.045527827
0.07281337
0.92067444
0.9303579
0.8413777
0.8379245
0.08736152
0.06764811
0.054804865
0.0525692
0.09323978
0.21305959
0.88461167
0.92441565
0.9203206
0.13993861
0.13658616
0.12176206
0.07890802
0.08115097
0.13975024
0.15275165
0.48713508
0.8240691
0.47958148
0.75476825
0.8591288
0.83886325
0.3672531
0.4779198
0.5173212
0.39637506
0.7967307
0.33730644
0.2191155
0.16647413
0.14762165
0.17450069
0.5299996
0.8857574
0.90660095
0.88298684
0.67537874
0.17892429
0.18111062
0.6429252
0.7055449
0.14590736
0.14907579
0.17662932
0.09967808
0.11195945
0.7730496
0.9101514
0.83638227
0.92173773
0.94213873
0.07464622
0.041067623
0.037564717
0.045857925
0.045265414
0.0470065
0.057958424
0.052193027
0.057289083
0.055243865
0.08151259
0.845151
0.10125296
0.06603988
0.081805944
0.9153456
0.9252885
0.92627156
0.9375384
0.9504982
0.9398849
0.07273443
0.055296354
0.08482876
0.7654923
0.07678518
0.05986583
0.064006016
0.06605575
0.112544306
0.8389086
0.107365794
0.07560374
0.06761518
0.05153152
0.055915225
0.105459936
0.87513435
0.924472
0.8667866
0.83053577
0.90224594
0.11164009
0.09383362
0.125342
0.1907665
0.17731537
0.71768904
0.6779884
0.26890615
0.27312908
0.87256473
0.90023756
0.7632134
0.25235987
0.13813904
0.15624236
0.1895332
0.74701595
0.4144337
0.4356123
0.8575006
0.92848134
0.93418527
0.9108796
0.3293526
0.29405034
0.74224174
0.33020806
0.2716113
0.151928
0.21040885
0.7536853
0.11728546
0.12722856
0.08652252
0.100288026
0.7643803
0.21875867
0.15644938
0.7849073
0.20429607
0.113806196
0.2180906
0.91325146
0.93955183
0.9388487
0.88650805
0.8644919
0.91293687
0.23070313
0.09907677
0.16596751
0.8137752
0.08648974
0.067617334
0.048742257
0.047928307
0.07152381
0.101638675
0.7662862
0.81272906
0.8951988
0.8295917
0.9087348
0.9153771
0.80214906
0.08509008
0.07001571
0.08927083
0.7370034
0.08057569
0.055477276
0.054668214
0.09054985
0.15730506
0.9028611
0.09230202
0.047108166
0.039920002
0.03826906
0.04434894
0.07997468
0.9389183
0.9574138
0.9337989
0.06688071
0.038936228
0.038832776
0.04401733
0.05535362
0.10104344
0.8643865
0.12159211
0.074912384
0.06155779
0.06400093
0.11328899
0.8533678
0.86627764
0.11172814
0.057300642
0.057998687
0.05088953
0.046395574
0.059112698
0.08820124
0.835444
0.21266806
0.2150296
0.83022195
0.48601693
0.8651441
0.92317724
0.90415615
0.91489846
0.835302
0.34287792
0.79206055
0.33927655
0.31167024
0.8032884
0.11048095
0.12354842
0.09103172
0.10377492
0.7307569
0.16861585
0.120501466
0.16836184
0.123004414
0.1996267
0.15767017
0.20542106
0.8827643
0.9155142
0.9229679
0.8985159
0.7730611
0.7104062
0.691961
0.6686215
0.22999297
0.16032031
0.16979003
0.3498666
0.88884413
0.9128712
0.8957381
0.1143515
0.08337756
0.06737259
0.100943856
0.8914948
0.91647834
0.9080725
0.92127633
0.91644144
0.88955426
0.91291857
0.914993
0.88677645
0.9086537
0.89962846
0.10198446
0.07883807
0.08131497
0.12988481
0.8909652
0.89912426
0.41245225
0.13320358
0.15717898
0.13745075
0.18032289
0.17893596
0.45561364
0.75292194
0.80474216
0.88222563
0.86044216
0.4018396
0.52169925
0.62523586
0.8404242
0.28481516
0.15965019
0.21844308
0.21237136
0.7488203
0.13579418
0.0772672
0.05648731
0.067530185
0.065665886
0.08606995
0.054298222
0.046563264
0.040201522
0.04529112
0.05926353
0.08023055
0.9344296
0.9572985
0.9598451
0.104478076
0.09781889
0.07157988
0.04078217
0.03814469
0.040539056
0.046278093
0.042025093
0.04222957
0.04561178
0.05432509
0.14904281
0.9374944
0.9445097
0.9444138
0.19476314
0.07236713
0.08152113
0.12720686
0.8953148
0.08666011
0.05379297
0.04318619
0.04447103
0.07451091
0.93108094
0.9229297
0.91687787
0.19491383
0.138948
0.10673787
0.059898384
0.07697135
0.9013075
0.9187636
0.9314147
0.91993713
0.9253521
0.918054
0.87992156
0.85645616
0.875333
0.91407
0.9203528
0.9045442
0.91963196
0.9044669
0.9245361
0.9253775
0.07175783
0.04520805
0.06323792
0.09062072
0.13198563
0.82587993
0.10660142
0.06947195
0.065029636
0.11874105
0.09912973
0.17323352
0.07722234
0.08051864
0.09838823
0.08646881
0.0908457
0.12128313
0.10071763
0.12353809
0.37775025
0.79929876
0.89636487
0.89861
0.8251084
0.9073993
0.9210631
0.9183761
0.08128518
0.05213154
0.05096992
0.09896204
0.120543964
0.106665485
0.88668203
0.9393611
0.9505647
0.9450741
0.8852397
0.10591191
0.078534305
0.06639482
0.052509714
0.05721056
0.08819449
0.80703694
0.8820764
0.77541053
0.7604358
0.8326011
0.73828197
0.75740504
0.88750035
0.9042736
0.80224323
0.1758744
0.19687763
0.15680337
0.089629926
0.056120094
0.08379579
0.102641925
0.9115786
0.92059255
0.93881315
0.93221176
0.8659014
0.8581274
0.9227151
0.9310705
0.06898007
0.053516883
0.049819358
0.08094841
0.0848278
0.107683785
0.1595057
0.10021943
0.19706641
0.2807312
0.30504602
0.30456775
0.89936763
0.91138756