0.7675546
0.74896264
0.7594817
0.8399733
0.7687042
0.82384247
0.24835101
0.28245956
0.18850714
0.2924949
0.71990544
0.23096372
0.6981427
0.10825159
0.07341088
0.091528185
0.10959326
0.7976065
0.20755887
0.14341192
0.13189171
0.83544457
0.8360759
0.86853623
0.88274777
0.8783526
0.07236842
0.048280846
0.052905478
0.052516572
0.09397351
0.08915134
0.11157266
0.7454985
0.25902936
0.7495961
0.20367631
0.14927274
0.15771842
0.13144523
0.19386506
0.22705121
0.24809024
0.38505986
0.37842223
0.81402516
0.7322781
0.68974644
0.6788797
0.6536632
0.18244076
0.136583
0.13017946
0.16906257
0.2971977
0.9011468
0.90608513
0.2591119
0.26989996
0.6933839
0.2571089
0.74303687
0.8253666
0.88526326
0.93017155
0.92485034
0.8271005
0.30352607
0.82485706
0.15237351
0.14830281
0.74817616
0.77788025
0.25369832
0.18673998
0.08203697
0.07919949
0.10538025
0.7367869
0.33565992
0.8027011
0.14850566
0.0741992
0.06925881
0.101187915
0.14376867
0.8413411
0.20776798
0.094044834
0.09648604
0.11527595
0.82722026
0.10356779
0.07696341
0.116994075
0.8230508
0.30276725
0.8976014
0.9159993
0.907467
0.8826601
0.84947085
0.82801193
0.2821989
0.86688465
0.10772897
0.078271665
0.10009176
0.7824447
0.17108162
0.1533864
0.09947621
0.15274891
0.8159407
0.816595
0.29150048
0.18776268
0.10315636
0.10724901
0.18241237
0.7704107
0.37193197
0.14040372
0.13340881
0.74557847
0.08283461
0.052556362
0.048653103
0.05402208
0.088557996
0.8960581
0.9376908
0.93416196
0.95045507
0.9449143
0.19400579
0.049696468
0.046398286
0.056012742
0.08938372
0.8495901
0.21725035
0.22201319
0.864004
0.8950321
0.12805751
0.10312626
0.12543526
0.70485055
0.20889857
0.750483
0.098481216
0.08792076
0.063727155
0.05321194
0.07551186
0.07819913
0.88593185
0.9025956
0.93429863
0.9543521
0.94539946
0.07341448
0.054843027
0.04940682
0.08364573
0.10422612
0.13154873
0.89126307
0.38367477
0.8093915
0.10608852
0.06291472
0.06135024
0.07340896
0.1291332
0.19319564
0.35328773
0.25535464
0.22147366
0.16404578
0.12057481
0.118325345
0.15416439
0.14040974
0.14150026
0.17177778
0.7104951
0.8165297
0.906604
0.85085434
0.9075102
0.8278821
0.24368809
0.07376433
0.0630673
0.06522681
0.058563154
0.056572665
0.091815494
0.18891998
0.16705169
0.9202753
0.9396085
0.12804534
0.057489455
0.04987607
0.052376676
0.08359021
0.7950864
0.116832666
0.10150489
0.14337732
0.89033186
0.94465303
0.08707544
0.053020637
0.036840994
0.03148514
0.030601919
0.033687647
0.05396979
0.9116532
0.9337258
0.9547654
0.95582926
0.945588
0.14061241
0.06312209
0.076847196
0.8435318
0.855524
0.8774456
0.9268249
0.08658064
0.06620706
0.094312
0.8810686
0.9354373
0.11342476
0.050446246
0.04679097
0.06739077
0.15166341
0.90086335
0.22545816
0.15488346
0.73329103
0.20133872
0.25519317
0.20439039
0.9106406
0.93351907
0.20481686
0.06895616
0.057318877
0.06493352
0.13922979
0.79966676
0.758792
0.76398027
0.15193278
0.15425232
0.22901067
0.1050273
0.074579455
0.049773745
0.04566048
0.05592489
0.10058137
0.928467
0.8878927
0.10185663
0.048837427
0.04074272
0.04504719
0.0391723
0.047285292
0.061485384
0.891573
0.91041505
0.9218187
0.947898
0.947827
0.9049378
0.86019105
0.87951297
0.06778836
0.06187646
0.03666859
0.041115224
0.0367067
0.043132916
0.09393809
0.8763711
0.88898796
0.9389344
0.9358253
0.85147375
0.103431255
0.05921511
0.06496602
0.08697192
0.2750446
0.8922396
0.8120361
0.7137003
0.69097376
0.69823277
0.7695664
0.8660954
0.8090886
0.81533384
0.92134666
0.27893883
0.077420995
0.03912203
0.033937387
0.032225
0.04106616
0.13995278
0.92760813
0.9229587
0.91883624
0.93220353
0.91448045
0.935944
0.93417203
0.86530066
0.8870075
0.068945706
0.034728583
0.032212842
0.030908357
0.03393524
0.043034837
0.079115815
0.90106857
0.9273105
0.93014514
0.24107006
0.2364139
0.093906164
0.11263879
0.19118318
0.8228752
0.11772251
0.06925942
0.059657544
0.06958709
0.07872494
0.094608076
0.10575373
0.18156803
0.8696745
0.90719676