0.8857201
0.898908
0.82962435
0.76630205
0.83107674
0.81463
0.33732894
0.25437602
0.24328527
0.30542895
0.5238622
0.24140961
0.1940443
0.203284
0.21170403
0.22316904
0.36938897
0.31795958
0.26434228
0.23933889
0.2558739
0.4179364
0.81662935
0.8221995
0.47518387
0.49496436
0.4125495
0.7257338
0.43825236
0.3373498
0.34885883
0.7979833
0.8301139
0.6831202
0.62406325
0.619005
0.6853512
0.82430726
0.83656675
0.67916465
0.59843415
0.40056944
0.31002745
0.16384493
0.14431554
0.15458308
0.76851225
0.79341644
0.7904125
0.79913354
0.09838231
0.063589185
0.06573766
0.117124446
0.19260867
0.88121665
0.2835321
0.25569806
0.7693237
0.10515144
0.06479436
0.06908077
0.076251
0.17589846
0.8363142
0.8036659
0.7957181
0.8160888
0.107537605
0.06383869
0.057492547
0.08002126
0.16532834
0.9192178
0.40897846
0.09073714
0.073300615
0.054656804
0.06228733
0.07078746
0.06942288
0.08216012
0.123132035
0.9079182
0.929877
0.12282163
0.081182286
0.1065964
0.12712324
0.80432326
0.09442209
0.05810228
0.052052185
0.05633101
0.050191283
0.050153866
0.04834039
0.046447802
0.041835517
0.03699712
0.039300613
0.06386408
0.93370193
0.9511703
0.9559297
0.9592653
0.9471671
0.051248647
0.037308507
0.030096203
0.03265202
0.042451445
0.08914207
0.93464166
0.9560772
0.96125984
0.95292616
0.06751443
0.033241943
0.035118025
0.029156419
0.035814583
0.051803105
0.8599416
0.898885
0.94672275
0.950377
0.9012844
0.9266014
0.066831134
0.047011565
0.0543456
0.09010034
0.8967517
0.83305
0.10589141
0.099736884
0.07440268
0.06997699
0.13523437
0.8814779
0.86066425
0.20273449
0.1445017
0.8125623
0.83582264
0.8286011
0.84610856
0.8856436
0.93661124
0.93798584
0.91630536
0.18476567
0.25139105
0.82572913
0.14144771
0.119334854
0.1466566
0.091006584
0.053210683
0.053896695
0.051252916
0.054504666
0.06818918
0.115957096
0.09214515
0.10923439
0.17214622
0.8957217
0.2510744
0.13053256
0.10301581
0.097139776
0.08135244
0.084751494
0.09010707
0.11347737
0.10605786
0.14122255
0.20503205
0.23175465
0.11875936
0.103264086
0.16262133
0.15854853
0.18616515
0.8763377
0.14605668
0.10629451
0.15147434
0.9098724
0.8806664
0.09049812
0.049607232
0.036726646
0.03449813
0.033247203
0.03277834
0.035519533
0.05243725
0.89860666
0.9248743
0.9536637
0.95886296
0.9537565
0.87793213
0.8825553
0.051543523
0.035406314
0.040598653
0.059166376
0.045313492
0.04911838
0.076303296
0.07886738
0.053405896
0.05418434
0.077631615
0.8618721
0.91668886
0.83484894
0.1303515
0.14150468
0.088244885
0.062266473
0.067807846
0.13397643
0.832006
0.93427753
0.10859767
0.04778881
0.04394605
0.038123824
0.037766535
0.04677953
0.06285449
0.88321644
0.91358614
0.9352995
0.9110758
0.92048174
0.84535354
0.8432343
0.9137972
0.8751085
0.08814036
0.09813877
0.06979314
0.04995548
0.076176696
0.065885484
0.08359295
0.8349693
0.90971553
0.8275903
0.9244309
0.0856553
0.057089463
0.046486344
0.049738917
0.08258712
0.88029736
0.11784367
0.09659684
0.119925275
0.9188823
0.9349717
0.95108944
0.8979829
0.939858
0.058802903
0.034769848
0.031737227
0.03376624
0.037615355
0.04376209
0.07592165
0.11885163
0.9060018
0.112505734
0.08337366
0.06359781
0.085805565
0.8942874
0.9360637
0.85484827
0.8679146
0.08393663
0.065416634
0.08830159
0.103070945
0.84460056
0.80608064
0.9189558
0.111664176
0.06419118
0.091920726
0.064315006
0.078155495
0.09410495
0.7211172
0.17656305
0.20664486
0.8835612
0.90164876
0.826544
0.89254344
0.80289996
0.11406302
0.07394631
0.06981906
0.14206177
0.897765
0.9464907
0.9466442
0.08818211
0.039647717
0.033499185
0.035300504
0.05267934
0.9105288
0.9529347
0.9596353
0.9511469
0.06583408
0.038371753
0.041388027
0.0588286
0.10605145
0.9109159
0.14090282
0.05981754
0.05182629
0.072895564
0.06604913
0.0773144
0.20856114
0.9272085
0.18486924
0.07347124
0.049859546
0.047747057
0.05947264
0.08774523
0.7940611
0.76225704
0.76487345
0.27899122
0.15949069
0.17061347
0.21420506
0.856411
0.8332627
0.86348915
0.9232986
0.93229526
0.9032104