0.8751028
0.886544
0.8794094
0.8966521
0.86802167
0.83920974
0.8449057
0.24912861
0.19338514
0.23375925
0.21808065
0.7693719
0.8960057
0.8664292
0.8796023
0.21432546
0.22892733
0.15596315
0.19985072
0.70709544
0.83366853
0.70737326
0.6575722
0.38610587
0.2842301
0.38110214
0.26153198
0.19371484
0.15873183
0.2476847
0.18389441
0.20562272
0.216756
0.7510334
0.79417425
0.8346012
0.86819494
0.30729797
0.36808056
0.31298053
0.82429224
0.80894786
0.87093997
0.8188021
0.86146665
0.19518729
0.15420021
0.11738536
0.15155695
0.21020474
0.8003105
0.8479375
0.87711036
0.90076613
0.91982156
0.9127241
0.9159071
0.8933526
0.8854319
0.89568055
0.9198162
0.30845362
0.13932797
0.07569563
0.114386484
0.0846519
0.06567544
0.08504378
0.05459334
0.067016385
0.078740604
0.118092805
0.15200329
0.18408518
0.23184752
0.9212662
0.32350475
0.14508086
0.092772424
0.058200452
0.06888474
0.87353396
0.9067308
0.92480475
0.9255191
0.94602746
0.06825232
0.04049938
0.048488896
0.065217614
0.10885539
0.8593496
0.17064299
0.11296922
0.11068567
0.122602835
0.18112248
0.21361966
0.20970121
0.8414521
0.4104386
0.34356853
0.87029624
0.9137299
0.9039172
0.77860373
0.72813946
0.7807878
0.8661109
0.45507824
0.14455917
0.13281555
0.10606408
0.121788956
0.14097142
0.20431025
0.83953756
0.8929709
0.93624026
0.9394923
0.90913254
0.87769175
0.24779992
0.13391334
0.07782352
0.073242016
0.13325976
0.11904777
0.21535997
0.8632848
0.38806796
0.2661962
0.29521763
0.37203145
0.7622692
0.8181212
0.83196974
0.80097675
0.54697835
0.43303365
0.3286484
0.54427975
0.83439875
0.7698464
0.6680832
0.39578766
0.31569698
0.3438183
0.78287804
0.5654064
0.41439265
0.20794204
0.1594677
0.19104587
0.19051605
0.32313645
0.43526316
0.87566024
0.8596083
0.8681314
0.9178608
0.90464145
0.24034218
0.20127459
0.13025701
0.2009795
0.90947884
0.92587715
0.13405581
0.07334294
0.11390086
0.12630555
0.15962899
0.9040679
0.9458712
0.9514464
0.9424493
0.14582692
0.063884
0.06544679
0.063593894
0.118652284
0.8545102
0.82840216
0.9196755
0.23313223
0.09691562
0.12719147
0.14920916
0.8773537
0.80584306
0.20956527
0.1462643
0.066093326
0.059916295
0.050503287
0.065960735
0.1632804
0.9170714
0.2973092
0.12785032
0.15943328
0.8111998
0.11514542
0.10193421
0.1639882
0.89764774
0.92308044
0.92706406
0.9143234
0.9108432
0.09144948
0.07334928
0.0429622
0.05034367
0.055906877
0.12067288
0.9256208
0.85374624
0.13117363
0.09190657
0.07168616
0.10503048
0.066778444
0.094565324
0.116134964
0.096813776
0.1369026
0.13840216
0.09082467
0.07102278
0.057922237
0.053640433
0.05867921
0.06009435
0.057139203
0.061485734
0.06743065
0.08938153
0.06654513
0.049354013
0.095995545
0.18181756
0.9281488
0.94773287
0.9363102
0.90605843
0.8884789
0.9386062
0.08039239
0.04956532
0.040795397
0.057112444
0.061971076
0.07918259
0.058015782
0.055582896
0.08775626
0.12339803
0.123545095
0.8180802
0.13697498
0.16394962
0.1668156
0.1384117
0.14637294
0.14100926
0.79895234
0.78553826
0.7549105
0.73871493
0.7660385
0.27874362
0.18262772
0.17679267
0.20206335
0.10800913
0.09495493
0.15641415
0.22583382
0.7588649
0.27057043
0.1823766
0.29708463
0.20989674
0.1765117
0.17491753
0.40132856
0.46607107
0.8187006
0.3237666
0.45872375
0.37383568
0.21809487
0.3841583
0.7656187
0.8354124
0.32857594
0.07092938
0.047694962
0.0440485
0.052760802
0.05336492
0.044650428
0.042047586
0.036883175
0.038991272
0.069305345
0.92409813
0.9216989
0.92186326
0.9151538
0.91271484
0.93195015
0.9378555
0.9397434
0.93144155
0.841029
0.8468209
0.050315887
0.035696518
0.038488332
0.057570353
0.060503174
0.14154334
0.8754943
0.10770799
0.076430835
0.04561672
0.03948219
0.040316757
0.06854839
0.92304826
0.93562895
0.9344425
0.9360615
0.8941002
0.87315476
0.88694644
0.92940503
0.9323319
0.06566584
0.039181333
0.03793652
0.051789436
0.08321226
0.14903107
0.8719078
0.8681459
0.24101439
0.07719065
0.060494162
0.06361571
0.090698555
0.12879652
0.14495374
0.36974564
0.9158478
0.9190781