0.42900196
0.46693045
0.33612674
0.387193
0.2679808
0.23603411
0.2574332
0.33300126
0.51197517
0.6940429
0.805469
0.7118106
0.7544764
0.3753122
0.44711035
0.30142584
0.2486146
0.23796462
0.5203936
0.32478717
0.3206298
0.7656185
0.34297058
0.19941884
0.15692064
0.1333666
0.17581104
0.15201786
0.1652435
0.1226842
0.14194445
0.18933247
0.70473397
0.32280183
0.16816938
0.1564928
0.7318465
0.10801595
0.07757644
0.07634584
0.06426385
0.06795221
0.053980205
0.06259765
0.097386084
0.7813014
0.88364667
0.3716288
0.87962115
0.1729215
0.14195722
0.7469472
0.07730182
0.04698687
0.04259801
0.057111055
0.8652534
0.92591554
0.9576091
0.9599039
0.91266215
0.8697756
0.04695031
0.031114262
0.030990792
0.034017127
0.044901982
0.11486997
0.897028
0.30555877
0.80439276
0.8934964
0.11418994
0.08349624
0.10899635
0.81046504
0.92557037
0.933963
0.8415823
0.07317743
0.046518184
0.04436445
0.05510289
0.06710829
0.110050984
0.91321075
0.15004712
0.082381286
0.058963917
0.0781704
0.101736635
0.8548156
0.102032445
0.060150854
0.05539246
0.08762098
0.9241983
0.8955109
0.08551665
0.05813764
0.06815977
0.88102704
0.9298209
0.95678276
0.9595516
0.9113865
0.9017089
0.047374886
0.030640334
0.029911295
0.033190906
0.037878707
0.048448857
0.10150265
0.88002807
0.84197426
0.09379578
0.06469895
0.054861017
0.06354115
0.1385203
0.9037823
0.7783314
0.77015567
0.89760345
0.15306689
0.16861269
0.8153009
0.0735545
0.04841129
0.05946773
0.062006317
0.070826456
0.90586513
0.9423867
0.93790394
0.95231485
0.94425625
0.07172581
0.06257627
0.04420671
0.03733335
0.0385054
0.060103804
0.081531934
0.88488096
0.92656326
0.9367664
0.10015292
0.06745974
0.0527742
0.054725815
0.07034188
0.12333195
0.88518745
0.12561268
0.087348066
0.072442584
0.10827036
0.09886221
0.85712206
0.8506762
0.8828976
0.93839765
0.929533
0.102965415
0.0910806
0.076540776
0.14924674
0.20408703
0.8368543
0.90847224
0.8026358
0.83151567
0.07548012
0.043089237
0.03725829
0.041733377
0.086543664
0.9133284
0.937122
0.91917956
0.8839609
0.8607056
0.85059226
0.8803939
0.116842024
0.047926784
0.042299114
0.046533488
0.06984864
0.8679754
0.9198899
0.85054076
0.27977082
0.10894196
0.16955915
0.09611044
0.12005793
0.6990852
0.14410082
0.11398071
0.17253898
0.4156214
0.32930058
0.8938525
0.912095
0.810454
0.094986975
0.055590604
0.041046098
0.037203304
0.04028149
0.0478147
0.07367281
0.918927
0.8990177
0.9483247
0.9476721
0.85256755
0.06153541
0.04795306
0.052764
0.10681732
0.8870298
0.15770668
0.1380291
0.85028815
0.9243749
0.083462715
0.057569187
0.057488605
0.07459344
0.88472253
0.865649
0.88562787
0.9355113
0.07957267
0.053848512
0.06710418
0.07877728
0.85083836
0.90248346
0.15750554
0.13934231
0.7906616
0.7998472
0.9085235
0.12864068
0.063063554
0.056152042
0.07183635
0.82004064
0.8713869
0.94721544
0.9523068
0.9432359
0.077427074
0.04083963
0.03710033
0.044020753
0.05514199
0.0947268
0.11680036
0.8080248
0.8222673
0.21233934
0.082372844
0.06994516
0.05886683
0.041001897
0.03855623
0.04106218
0.067901194
0.10236056
0.9211267
0.93977696
0.9568643
0.9506147
0.071863204
0.05123603
0.043991994
0.060215812
0.08861035
0.8162335
0.22153433
0.19021025
0.10403296
0.14458272
0.7548467
0.7851485
0.8754688
0.77750903
0.7714067
0.82223964
0.10421907
0.11365611
0.083242595
0.079351
0.17666093
0.91333985
0.09222897
0.045765046
0.041741464
0.04391685
0.07618354
0.9338242
0.9483916
0.9272011
0.8605107
0.881851
0.06597341
0.05655769
0.072212756
0.065571785
0.12104718
0.9293412
0.9439876
0.1208754
0.049546767
0.04450263
0.052364998
0.056337383
0.07379014
0.15471107
0.8324439
0.14461747
0.15912922
0.08414828
0.0707208
0.08530048
0.23246545
0.88797545
0.23497851
0.18395256
0.6937155
0.13525659
0.10165511
0.13377176
0.68032634
0.41274387
0.797843
0.8906685
0.87978303
0.4158095
0.3718905
0.1423396
0.15144497
0.19866057
0.23920614
0.22421098
0.61905336
0.29724297
0.60467684
0.61223495
0.6167865
0.6474086
0.74672496
0.84297395
0.86452574