0.85556966
0.89451313
0.9256382
0.9178199
0.81270844
0.6960347
0.1733515
0.16138463
0.63258857
0.71804714
0.09780363
0.07026942
0.0688524
0.14551103
0.9120285
0.9201155
0.9263324
0.9314478
0.88537204
0.85633534
0.9039111
0.08113137
0.05715593
0.06250801
0.09961053
0.89047456
0.88676006
0.27360195
0.2379255
0.75684476
0.85886806
0.9125289
0.9239825
0.9220187
0.90025127
0.80839604
0.75243264
0.78671366
0.8633934
0.8646998
0.67912316
0.4098933
0.42097846
0.74483335
0.6610203
0.6148202
0.4286636
0.32050377
0.38927338
0.25041735
0.24574696
0.25184518
0.51174504
0.28579167
0.28895333
0.2375715
0.23473355
0.25561792
0.43246487
0.6234146
0.62460524
0.44214424
0.7317054
0.32316467
0.2702908
0.31584054
0.37078288
0.27071372
0.32850194
0.2494026
0.26155964
0.7544416
0.37760454
0.6292322
0.6690094
0.68813825
0.6974454
0.7322566
0.763833
0.7887966
0.84682864
0.90754086
0.8588352
0.30229467
0.17568496
0.11704363
0.07564469
0.11145062
0.9005039
0.90257746
0.89425135
0.8758089
0.86606497
0.8595253
0.8491516
0.84159833
0.07408124
0.06039138
0.08941352
0.09777327
0.13678849
0.15096928
0.8652297
0.15535878
0.13192645
0.18974772
0.21296819
0.8317777
0.7038475
0.6277794
0.30375278
0.26651192
0.31593645
0.33209118
0.2887827
0.3417561
0.41201216
0.2718808
0.23327139
0.24106905
0.33453128
0.48226604
0.50282836
0.693783
0.7998714
0.645573
0.5275109
0.33144742
0.3826515
0.6157426
0.7019145
0.8123981
0.43687433
0.38060537
0.22541904
0.22135106
0.6669774
0.68588126
0.6799214
0.7077136
0.15355664
0.09970277
0.10961969
0.17907143
0.90535146
0.92861766
0.10439926
0.060885854
0.07260221
0.07924747
0.104486376
0.076047875
0.1059867
0.9162094
0.8474851
0.9452831
0.12228936
0.054824024
0.06021065
0.054084502
0.041919436
0.044602714
0.052509315
0.055733297
0.069368266
0.12537941
0.9142439
0.09941319
0.06020881
0.05017734
0.079597645
0.89742696
0.9086263
0.92274255
0.9364949
0.93522614
0.9306124
0.9238952
0.9059799
0.9202363
0.9028104
0.9005973
0.9010243
0.93383604
0.07734218
0.03794449
0.047421243
0.051140703
0.075546
0.10044599
0.12984368
0.15088491
0.8881289
0.11853344
0.09118474
0.12220452
0.84127975
0.8908352
0.7790005
0.77311546
0.17865412
0.13855223
0.2550988
0.8733829
0.12893248
0.09330487
0.11530937
0.1331501
0.7312733
0.29178208
0.18672167
0.18290614
0.6974289
0.6732799
0.37906837
0.20947888
0.23433378
0.4662863
0.8191069
0.70785487
0.627881
0.19593956
0.18391149
0.23493223
0.37347344
0.45809716
0.44973534
0.85543597
0.86463636
0.47617456
0.21743743
0.1306692
0.11274282
0.11695283
0.12918366
0.23822261
0.5255194
0.7774839
0.8896462
0.8938638
0.76601326
0.18679532
0.14407212
0.09956185
0.14113697
0.31306264
0.88541263
0.9317473
0.9168064
0.33875558
0.28818202
0.21035509
0.33562937
0.47760168
0.7994603
0.88807327
0.88096625
0.9054867
0.8835044
0.7708273
0.7808391
0.88657224
0.9127671
0.8891165
0.17876457
0.21898381
0.11196748
0.23698483
0.8901016
0.908364
0.9172667
0.86466473
0.81893384
0.8409558
0.9085905
0.92149466
0.9037278
0.9208811
0.908657
0.25506642
0.106283076
0.15506178
0.15912569
0.85560715
0.7582106
0.1923027
0.27859303
0.24827765
0.14981851
0.16103354
0.69130343
0.10821346
0.08589895
0.12514268
0.11239355
0.13062568
0.19387321
0.9095372
0.8501677
0.17233407
0.18752316
0.10069904
0.20201123
0.9064816
0.93452203
0.93913746
0.9350561
0.9163789
0.8244133
0.8042372
0.88119584
0.22183363
0.09598517
0.1373192
0.22079049
0.8379187
0.8910049
0.15060809
0.15734224
0.10231194
0.1262186
0.10988096
0.16090548
0.8622791
0.82371765
0.8072794
0.81251043
0.8423547
0.89886844
0.8914305
0.7758879
0.29194734
0.2823041
0.17343447
0.18696512
0.6621458
0.27479035
0.6909885
0.205413
0.13343585
0.1275665
0.15073991
0.30830067
0.13073248
0.110087134
0.094484344
0.14675196
0.817393
0.8953016
0.86965936
0.9080275
0.8659366
0.90046513
0.84207493
0.10172119
0.07735968
0.057795834
0.059201106
0.067472436
0.10249001
0.18467276
0.1886572
0.5067409
0.73399866
0.26412785
0.22586642
0.37274414
0.84453166
0.92613727
0.9291947