0.8510723
0.8156884
0.7966994
0.40678567
0.39462587
0.31315967
0.25544977
0.24925043
0.34655923
0.3436764
0.37357715
0.5987402
0.31466168
0.5775651
0.20824279
0.15248749
0.1803064
0.14455536
0.17587283
0.35398358
0.8808444
0.89536756
0.26817012
0.32672647
0.78921616
0.14980674
0.06569796
0.05061519
0.05506299
0.11835894
0.18729746
0.92788833
0.9408094
0.88335943
0.9206091
0.09737674
0.104729794
0.10747505
0.81884754
0.792659
0.86259884
0.09643821
0.08991678
0.1153924
0.8363536
0.14198236
0.075718425
0.057129238
0.0583745
0.0659413
0.1191699
0.78628093
0.24400547
0.19165763
0.7053223
0.3272855
0.282342
0.83643496
0.22272244
0.14118169
0.1629159
0.1246296
0.1477958
0.21244352
0.73688155
0.7391372
0.71220607
0.70795715
0.7209326
0.76301104
0.8680368
0.7854981
0.889203
0.18987092
0.14668547
0.7338878
0.08430211
0.05035306
0.044994954
0.059881598
0.875475
0.9332262
0.95812505
0.960071
0.9183269
0.8822428
0.05064796
0.033575904
0.0328925
0.04066193
0.05078446
0.09545071
0.117515095
0.06757253
0.074454024
0.100946054
0.07777805
0.06855125
0.09832059
0.1360208
0.91119766
0.3519495
0.0885391
0.06516274
0.06684079
0.10363905
0.14496109
0.8602991
0.1402328
0.07403875
0.0968699
0.08376536
0.08697387
0.11129932
0.11472922
0.8505328
0.10341249
0.062198427
0.05738849
0.10524449
0.8850029
0.19217539
0.25543976
0.8989566
0.93065006
0.9370193
0.9503276
0.90365565
0.8867754
0.054137815
0.033300918
0.032743163
0.035863608
0.045995116
0.10039478
0.8708044
0.8374992
0.1163254
0.10634297
0.13541488
0.13059522
0.10054837
0.09336506
0.15911905
0.8011591
0.8948623
0.17858723
0.19359511
0.75978315
0.7426798
0.07628169
0.05224168
0.049369257
0.07590613
0.8955502
0.9366827
0.9350672
0.9469341
0.9381686
0.17658725
0.05821713
0.057780564
0.08846601
0.8867486
0.8929482
0.20799142
0.21705894
0.8870969
0.91263294
0.83500373
0.06534
0.041588593
0.034344926
0.033087395
0.032933693
0.036567297
0.0567154
0.09425317
0.92204165
0.93438137
0.89904743
0.8733696
0.8741955
0.9035662
0.9470561
0.9470082
0.066385426
0.042561837
0.03337078
0.036575064
0.049402904
0.052898467
0.08782975
0.07161662
0.05345035
0.045297705
0.038106453
0.036796767
0.041295443
0.085204504
0.92061573
0.9438351
0.94001895
0.944347
0.86109865
0.8199477
0.83108354
0.06084469
0.038368154
0.036222085
0.0385135
0.04740317
0.10970594
0.9185722
0.84193325
0.44316986
0.26538047
0.89308566
0.85025793
0.08182909
0.064084455
0.05179535
0.10114008
0.19077228
0.93775743
0.93388456
0.94743514
0.15996884
0.06575306
0.04756745
0.04835487
0.06650889
0.7341173
0.77345514
0.2095479
0.26765037
0.8937428
0.8533815
0.90867895
0.3202872
0.19005765
0.078528166
0.06995739
0.07994562
0.13419957
0.71888536
0.25793216
0.28027692
0.8834768
0.9120967
0.90463305
0.1253831
0.09872934
0.113414116
0.77877176
0.7521302
0.78245115
0.8889296
0.13262622
0.10644029
0.13089089
0.7441723
0.15621464
0.20234871
0.10958617
0.09534878
0.118617505
0.36447552
0.45650578
0.27057445
0.17344826
0.16879569
0.36076078
0.36860466
0.36666933
0.86595553
0.884697
0.5715581
0.74011415
0.10080265
0.071745425
0.08032872
0.10265597
0.6981602
0.10772755
0.0942949
0.11644713
0.17605954
0.8571252
0.11996788
0.05725906
0.05013283
0.057508733
0.10173896
0.93102616
0.8991791
0.075710826
0.04248251
0.03611847
0.03880721
0.036275744
0.042480774
0.056927897
0.89400965
0.91859984
0.9315556
0.95054334
0.95139366
0.92189914
0.8810619
0.8941665
0.055823505
0.042978954
0.031417422
0.03372563
0.03351158
0.037572898
0.058855455
0.81495965
0.86220014
0.93907917
0.9416703
0.85887796
0.088089354
0.05049112
0.055457987
0.073771745
0.20430599
0.9160981
0.14349891
0.056047928
0.04958357
0.051284224
0.098542154
0.8868339
0.22328593
0.28524196
0.92907554
0.9469387
0.902305
0.05959879
0.04345319
0.044208087
0.059815876
0.89114916
0.9327861
0.9222193
0.90968734
0.93471843
0.8927891
0.07116193
0.0777748
0.08110405
0.100180745
0.8321739
0.8795823
0.15018722
0.051746458
0.044111103
0.0447765
0.058087815
0.07673297
0.19637752
0.90604484
0.27224377
0.24945153
0.1290818
0.16308665
0.7989461
0.79121697
0.80025476
0.11280915
0.07886122
0.08831376
0.12504098
0.68556905
0.43203795
0.81098735
0.8871133
0.89888185