0.6790729
0.59732807
0.59774274
0.7176434
0.8686152
0.89678705
0.85819876
0.86998045
0.7371505
0.2719422
0.17062366
0.15562163
0.17362085
0.7123305
0.9064299
0.9249455
0.15807348
0.07071555
0.056301903
0.056125473
0.07066877
0.87807816
0.9449018
0.9528821
0.9439371
0.079631366
0.050357446
0.05822453
0.10193257
0.148919
0.86775506
0.14666505
0.112943135
0.123591766
0.2329621
0.2673746
0.26299217
0.6642802
0.80036956
0.30431756
0.24542417
0.19890036
0.19498116
0.22013058
0.23516554
0.5475628
0.5959499
0.56838715
0.49930653
0.26165947
0.24297263
0.26881173
0.49630424
0.8146209
0.7492115
0.8325333
0.5544282
0.24157065
0.22831136
0.13512547
0.11427632
0.1095395
0.14574005
0.09642782
0.10209813
0.10822518
0.14713955
0.8697932
0.79632163
0.78946626
0.84980106
0.9395492
0.9435502
0.9354796
0.07491067
0.047549285
0.05318878
0.08688664
0.12888592
0.8460207
0.12530242
0.060493402
0.05795861
0.066393934
0.08063261
0.048835445
0.051585123
0.07426346
0.8545175
0.90705395
0.19262533
0.20061626
0.891897
0.8947227
0.3320649
0.8292679
0.92205995
0.9251707
0.84494233
0.31238422
0.7991648
0.8870693
0.13681401
0.14478327
0.8189793
0.83768505
0.9339914
0.07964454
0.04433
0.045369975
0.06278499
0.094321676
0.061012216
0.07567283
0.1386051
0.79186785
0.2642675
0.45006943
0.90350485
0.13805267
0.06542467
0.05602472
0.057830133
0.079008095
0.75032884
0.7580276
0.8060168
0.93991995
0.9496303
0.9467566
0.07795226
0.059752867
0.061938126
0.036048714
0.03737594
0.038681388
0.039113313
0.044802435
0.07980917
0.89724183
0.1829916
0.16667373
0.92273825
0.92256016
0.86174387
0.86303174
0.05899918
0.037697498
0.03503845
0.042574476
0.09254646
0.94361055
0.9545945
0.92982835
0.12915298
0.0478852
0.04576151
0.059548713
0.08032298
0.056346357
0.054197676
0.054986645
0.05786597
0.07056491
0.0984602
0.81572664
0.9161886
0.12847921
0.060844954
0.05616353
0.059869263
0.061350293
0.05243565
0.049061667
0.03843385
0.036848314
0.041896246
0.07492362
0.93663
0.95200074
0.9506862
0.9315966
0.94541436
0.057408094
0.037396654
0.031317066
0.030691743
0.032662813
0.038195647
0.06476776
0.8684745
0.94238645
0.94783264
0.9364497
0.099542886
0.07198518
0.09425886
0.119663686
0.8404589
0.14052819
0.12230829
0.14573497
0.21403582
0.7334736
0.75754815
0.22211641
0.7486778
0.09625645
0.060984395
0.052766666
0.06699784
0.06949719
0.093267344
0.13847654
0.24515387
0.92970127
0.12177206
0.0609864
0.040901873
0.038859073
0.036727928
0.03512315
0.038158193
0.05600606
0.86130184
0.93226665
0.96421456
0.96526605
0.10951718
0.035351828
0.0293768
0.029600931
0.03282492
0.030718949
0.032949172
0.035752997
0.05426241
0.9151429
0.94050694
0.95728445
0.9654489
0.95619446
0.05291633
0.031007005
0.029217478
0.03294209
0.039007116
0.043593775
0.051825523
0.069582395
0.113726
0.88626367
0.8434147
0.092743814
0.055514276
0.049667615
0.05550601
0.05049223
0.06181255
0.13062558
0.1860955
0.92367625
0.8552967
0.13946438
0.06996622
0.057416853
0.055335037
0.09369124
0.07600155
0.097919196
0.10534616
0.76235765
0.27317894
0.7909247
0.8456687
0.7159263
0.27531913
0.2974865
0.2305221
0.2172003
0.70214665
0.7177718
0.8199744
0.22168052
0.25007787
0.1440764
0.14531171
0.18294248
0.4638598
0.7963654
0.32881218
0.38048503
0.6694648
0.7348426
0.8565201
0.85954946
0.6884168
0.23846991
0.1520616
0.15302697
0.20305394
0.8107775
0.7122224
0.70280737
0.7243946
0.7555526
0.868108
0.13960528
0.083643034
0.088831015
0.101690635
0.16642496
0.23092301
0.8703643
0.8889498
0.193243
0.17482634
0.08146949
0.06052727
0.06739794
0.08954222
0.17141786
0.16958737
0.8986542
0.18349895
0.15823835
0.080884695
0.06365245
0.08809987
0.8108033
0.8698638
0.10999811
0.053208373
0.048970833
0.06788885
0.1015676
0.110235
0.8880382
0.1734369
0.15859471
0.90231735
0.8835135
0.80099887
0.8446564
0.13012822
0.11645554
0.88185716
0.95208275
0.9559059
0.9126823
0.05238281
0.03267134
0.031419106
0.03576396
0.04127923
0.048816178
0.05377165
0.047447316
0.051677223
0.09093095
0.8698842
0.83411396
0.9152307
0.113584384
0.086352624
0.12742087
0.12756102
0.15063024
0.8635352
0.16427913
0.17907187
0.18905206
0.8402954
0.14397812
0.1327613
0.14271136
0.72386235
0.830323
0.89720917
0.8507791
0.83971673