0.75118595
0.68459487
0.6722067
0.21078058
0.21163115
0.87924683
0.9287148
0.13829905
0.057953928
0.059630685
0.053863272
0.046061467
0.04835677
0.09677491
0.9142889
0.9510961
0.9528755
0.082470305
0.038099658
0.032866392
0.03486829
0.05283681
0.8935487
0.9357554
0.960486
0.9549446
0.06250229
0.038007136
0.041291557
0.05882633
0.10842791
0.9049661
0.13666664
0.07743346
0.07120774
0.122988574
0.13543504
0.6997866
0.25579193
0.3843823
0.70899713
0.69034415
0.17303073
0.14916267
0.19130395
0.19271827
0.60585797
0.36912253
0.636872
0.3953029
0.22676934
0.18265477
0.24671501
0.837198
0.7900503
0.80058914
0.9090978
0.91951585
0.10838199
0.067500725
0.06964619
0.09799242
0.8221407
0.8326825
0.82372123
0.8313468
0.08049417
0.04869898
0.04488869
0.04497092
0.068682775
0.13766795
0.9294977
0.93940127
0.22609967
0.08391642
0.0762044
0.10872072
0.8084761
0.119842805
0.08485507
0.078884155
0.09153592
0.8644894
0.9300892
0.084624894
0.051434156
0.051249478
0.08241914
0.88485193
0.29020724
0.16075233
0.8725189
0.9234936
0.9270815
0.9339605
0.9289106
0.89678156
0.8861777
0.9125223
0.8420974
0.84349185
0.13461477
0.1870385
0.87661266
0.07751801
0.04842841
0.05000931
0.07508962
0.8197874
0.89710623
0.17235377
0.21663238
0.25102705
0.21583585
0.8818453
0.23856404
0.10610302
0.09521318
0.14651145
0.696866
0.6243157
0.6233562
0.20862482
0.20248139
0.7587507
0.90416384
0.91756034
0.15654694
0.15216635
0.19097058
0.06733832
0.061834816
0.065633215
0.062667824
0.06580458
0.1031271
0.8821339
0.23275006
0.20178768
0.88064253
0.1292553
0.08486128
0.11280776
0.7917397
0.08139615
0.05121101
0.04775355
0.053569887
0.08157595
0.11777055
0.15232812
0.90503997
0.16598266
0.15106581
0.86047095
0.9384933
0.07294543
0.03804147
0.033211492
0.03585883
0.040221244
0.06977185
0.94418365
0.9584054
0.9354494
0.90575606
0.05661286
0.03737563
0.03536458
0.03734132
0.042585645
0.04695796
0.050901704
0.083224684
0.8653837
0.933027
0.117386594
0.082878895
0.086422995
0.11179439
0.05482035
0.05719938
0.049853638
0.045950808
0.043246016
0.042037267
0.055738002
0.120966606
0.9317598
0.9391191
0.92558086
0.40133032
0.8751872
0.10816744
0.08348044
0.06360105
0.05777206
0.078957036
0.13239433
0.31041116
0.21369582
0.76185757
0.116330706
0.08627859
0.079838514
0.09530369
0.10906367
0.11314334
0.11085989
0.08438297
0.13129586
0.25058863
0.92700344
0.8724218
0.105397426
0.058551442
0.038079828
0.036188826
0.034158036
0.036103707
0.039436504
0.061702054
0.91956294
0.9577902
0.96536684
0.96081656
0.07776424
0.031725876
0.028652895
0.027594943
0.027122525
0.028417792
0.032605458
0.050406948
0.90978086
0.9405854
0.9583193
0.9656471
0.95670223
0.054256327
0.033271153
0.029823398
0.032874215
0.038679153
0.047402784
0.05566534
0.09242137
0.8709964
0.8457183
0.09574776
0.051570944
0.04584244
0.043898802
0.043333467
0.05151677
0.10033074
0.18037291
0.89929247
0.9346403
0.8575637
0.11510935
0.06229044
0.057013124
0.07009393
0.13812639
0.16122338
0.09311359
0.07910197
0.11719599
0.14953645
0.7737191
0.30071536
0.12515964
0.10331614
0.082930826
0.085405216
0.08426163
0.1045013
0.78086567
0.92393875
0.93754554
0.9392398
0.09273294
0.054844785
0.04592828
0.06635901
0.05156979
0.054164223
0.073372535
0.77106535
0.28626472
0.9177851
0.9513539
0.123584755
0.058752824
0.038104016
0.0378587
0.04212246
0.043624505
0.04356164
0.04597863
0.053370353
0.10443169
0.9090459
0.10945086
0.063836224
0.07058553
0.8686525
0.89911723
0.92972684
0.9465002
0.9488006
0.9441326
0.8852691
0.87051904
0.06617059
0.06250765
0.10244532
0.91221046
0.9113115
0.1080631
0.06947362
0.07716989
0.05865546
0.046081215
0.05904981
0.0479504
0.0487329
0.07155508
0.09460786
0.8799413
0.9329876
0.2722222
0.07908636
0.10636649
0.0666896
0.09044049
0.86389244
0.82673913
0.83434385
0.08714485
0.056228034
0.058129556
0.06568008
0.12577395
0.9144374
0.8522054
0.90289724
0.2713239
0.78901494
0.09119623
0.056660734
0.06980983
0.079589695
0.07718497
0.082790375
0.18359104
0.8947163
0.8077517
0.85806173
0.18351386
0.16669819
0.3013268
0.3369499
0.55488014
0.8166491
0.33808953
0.42243403
0.7264228
0.82870626
0.16224355
0.14222461
0.13763219
0.22425185
0.6884943
0.49651435
0.6688981
0.19138375
0.16119263
0.2405437
0.1512509
0.22741708
0.888139
0.9199396
0.9077113
0.73533374
0.17591305
0.19176829
0.3227184
0.7966176