0.91690713
0.91540223
0.14932932
0.09652227
0.10073749
0.18566291
0.81974643
0.8978647
0.8097606
0.7761886
0.8029965
0.9111446
0.22203696
0.1047458
0.107478715
0.11979792
0.89557934
0.08770898
0.046937402
0.044566225
0.047927532
0.050503384
0.08646772
0.89354455
0.12264624
0.09651425
0.08945049
0.89043576
0.9290564
0.93805224
0.93628377
0.9321239
0.9305429
0.93196195
0.93233854
0.9055996
0.8821303
0.9313639
0.057464436
0.03574019
0.029757485
0.031631604
0.03516621
0.04493854
0.065386795
0.057786368
0.09247446
0.91701794
0.9104718
0.22175306
0.281811
0.31004733
0.33504346
0.8364921
0.91799784
0.9032352
0.24093339
0.1398585
0.14480501
0.19995503
0.8647326
0.9127954
0.91323286
0.8834059
0.6570164
0.6178636
0.17673856
0.1015716
0.09806077
0.10187835
0.15815012
0.09274808
0.068038695
0.07678861
0.11958383
0.08305193
0.07903897
0.10804861
0.91531587
0.93662256
0.944003
0.9381138
0.8881647
0.836019
0.81323487
0.07376951
0.057073228
0.07708218
0.10529047
0.16959053
0.8509815
0.92278224
0.9332181
0.91754925
0.80573493
0.79005694
0.8775045
0.79044324
0.08790962
0.071719855
0.07072536
0.065217696
0.10125342
0.8266911
0.085229784
0.051439505
0.048716556
0.053222593
0.05018329
0.12784167
0.9146886
0.93398666
0.9321551
0.93874884
0.93478227
0.91147125
0.92517203
0.8718467
0.86382455
0.0743614
0.054400027
0.08436652
0.10220472
0.10667635
0.11975695
0.87432116
0.12822136
0.101949945
0.15068522
0.21883105
0.19070925
0.8879026
0.8914756
0.2599088
0.65730494
0.12183591
0.10537226
0.16804586
0.89158344
0.1761995
0.11183479
0.10584648
0.059559423
0.054291356
0.09160022
0.90066534
0.9393358
0.86996645
0.8356354
0.8346709
0.06992789
0.047154803
0.05479286
0.07315522
0.10737084
0.07457249
0.10006158
0.083333015
0.10149898
0.7748328
0.31451896
0.88543814
0.11877458
0.064038076
0.054389678
0.055534072
0.08892877
0.12348325
0.9140602
0.85951334
0.9361521
0.9426749
0.078106485
0.04547272
0.04662468
0.059490472
0.10990703
0.9175228
0.10102958
0.050397113
0.04329707
0.040085826
0.038899504
0.036613837
0.037068196
0.03959873
0.05911901
0.9028075
0.9230387
0.93217415
0.9394408
0.952559
0.8940813
0.873784
0.053013857
0.03751847
0.04535714
0.051420562
0.09487201
0.92364675
0.86703545
0.08528982
0.048867222
0.04234748
0.04397896
0.047709897
0.06356996
0.05047617
0.054562688
0.09872062
0.8733212
0.8290141
0.916008
0.13797773
0.13796301
0.0888194
0.098123804
0.6595789
0.1631757
0.19241796
0.87781113
0.90173596
0.8700742
0.9086029
0.9159199
0.9031057
0.86098295
0.89901304
0.91479343
0.91885513
0.9112537
0.87394834
0.9068681
0.90689045
0.10694529
0.06773443
0.09579389
0.0723024
0.0818077
0.132324
0.45990193
0.882993
0.7953351
0.168284
0.2037278
0.105789945
0.09224522
0.15818632
0.74968547
0.13942312
0.1484197
0.20057744
0.91473067
0.1354401
0.052335236
0.051669724
0.050779413
0.06250966
0.047831215
0.08757071
0.92305386
0.95002675
0.95323986
0.95709354
0.9339422
0.085608855
0.041824665
0.048751038
0.069500715
0.073116414
0.05193496
0.06750781
0.060459305
0.10924745
0.13985875
0.9260902
0.939483
0.1513491
0.077052355
0.057153337
0.07368597
0.07231763
0.07157988
0.06010323
0.07942637
0.07326962
0.12672102
0.28002897
0.8987374
0.20864443
0.18807915
0.27652723
0.8611871
0.9199613
0.8721985
0.9112228
0.8417401
0.14257087
0.1235051
0.74823624
0.2237221
0.17758279
0.87755996
0.8780661
0.8859949
0.9309276
0.9293208
0.85485125
0.1220343
0.16127244
0.7379411
0.20187671
0.372491
0.9117002
0.9390928
0.92994666
0.804431
0.12911338
0.110786855
0.13331565
0.8576089
0.22445126
0.22735152
0.11848948
0.17394081
0.09810236
0.08198058
0.101423055
0.13577364
0.06908527
0.060244367
0.071570516
0.10393049
0.91456145
0.93692654
0.945466
0.9398138
0.91645485
0.11045813
0.07013099
0.10401936
0.8839981
0.9212379
0.9299251
0.92863345
0.92550266
0.91701233
0.88001895
0.9151803
0.9119676
0.07739724
0.071578726
0.04778039
0.061730057
0.87004215
0.9052018
0.9484274
0.9420453
0.07202725
0.051400743
0.063512914
0.08893571
0.88511
0.177777
0.07483004
0.05901148
0.13590612
0.9181602
0.9392585
0.9343512
0.94410795
0.9330737
0.8653141
0.060867302
0.050661676
0.0522394
0.11604792
0.9213638
0.9263974
0.80382806
0.10432755
0.09583703
0.14026415
0.77858263
0.7809011
0.87034166
0.2953441
0.2716445
0.122414276
0.11989784
0.19173643
0.3724293
0.7265625
0.7452742
0.8320298
0.90739775
0.89369524