0.6547675
0.44071525
0.50389266
0.34090132
0.43420547
0.5774275
0.32242283
0.4488022
0.62523335
0.25651735
0.14935085
0.14199331
0.11946685
0.19650646
0.8957029
0.9264201
0.92334634
0.82186973
0.76063234
0.7535926
0.7185641
0.14199463
0.1375115
0.16176568
0.876816
0.8992288
0.36512008
0.3052638
0.17420578
0.2788354
0.20110689
0.83911455
0.9284234
0.9301693
0.10271608
0.08221175
0.08108474
0.11301372
0.14736663
0.8664976
0.12803192
0.098251484
0.09389678
0.12099828
0.79336214
0.84444875
0.9290538
0.8684363
0.09525071
0.07131178
0.07555151
0.12262219
0.88438785
0.8026592
0.8068463
0.10297799
0.052464694
0.044838827
0.048576243
0.056267884
0.054516684
0.07984492
0.8611919
0.8415395
0.8633565
0.8765367
0.94470286
0.08979059
0.052624032
0.061302893
0.044282973
0.051453248
0.066663384
0.09741004
0.8195184
0.1735959
0.1202959
0.08419987
0.048894964
0.042439897
0.0403423
0.056452837
0.053484466
0.08181165
0.89935803
0.9149649
0.94483024
0.9381323
0.94934446
0.9207002
0.94004405
0.060460776
0.03351635
0.034103002
0.034049887
0.03626879
0.040878497
0.053771798
0.11930395
0.24901043
0.88250315
0.93651414
0.9356432
0.11267636
0.076735005
0.10130617
0.07433618
0.10918079
0.10304634
0.7402829
0.73661673
0.78779054
0.92979336
0.93538934
0.80892926
0.8242945
0.05940721
0.03978739
0.034855854
0.03496732
0.03833081
0.046329238
0.086199336
0.92301404
0.94308764
0.088952914
0.051049177
0.050934367
0.07961466
0.8818902
0.85503644
0.8984236
0.082294434
0.057279747
0.06402205
0.12699147
0.92333883
0.23642085
0.109783895
0.10551582
0.052981917
0.052047938
0.06953211
0.06127088
0.05951615
0.070796564
0.065357395
0.07832101
0.06693101
0.06752311
0.091812685
0.17573121
0.7816536
0.2528967
0.21746792
0.64179635
0.25252128
0.22766057
0.57248664
0.30424753
0.62727493
0.77755564
0.27674234
0.24802129
0.23927407
0.32756323
0.46009472
0.79356205
0.50789773
0.39000908
0.54528433
0.22287077
0.19316015
0.19870095
0.65205747
0.7885937
0.91331464
0.9272186
0.9051792
0.7426348
0.13581192
0.18363306
0.13311836
0.099819
0.11750768
0.7337528
0.37132132
0.8977032
0.12336645
0.058538914
0.04882557
0.053866345
0.060148027
0.0727011
0.13678935
0.9013108
0.13725169
0.09150714
0.09216052
0.1820855
0.92021537
0.114584684
0.060781725
0.04164256
0.039165847
0.040143304
0.0355367
0.034975167
0.03897123
0.06386524
0.926037
0.960206
0.9670135
0.96265495
0.07219547
0.032303225
0.029465698
0.03646717
0.039618313
0.03310236
0.03532919
0.0527012
0.08882615
0.9429988
0.95386314
0.9647146
0.110206306
0.04156581
0.033076804
0.035655264
0.0413545
0.046455875
0.049430605
0.05829095
0.093321994
0.85514086
0.854143
0.096792884
0.053749032
0.047678526
0.047358565
0.048175838
0.048531525
0.055340197
0.10408129
0.17731377
0.9277865
0.83424354
0.14834683
0.09875175
0.11767255
0.11576252
0.712776
0.22488244
0.15227374
0.15346342
0.7575482
0.7917267
0.8947055
0.78536254
0.1011164
0.06591362
0.059824277
0.060056686
0.09137191
0.71026325
0.29108998
0.87349445
0.8049125
0.9166457
0.10634193
0.0573503
0.04515959
0.047707897
0.059241872
0.08237544
0.061994627
0.06682492
0.08157529
0.15017715
0.9331549
0.1664036
0.077394836
0.050682265
0.048340257
0.050055977
0.052698407
0.053852387
0.05383623
0.053362273
0.05386359
0.052279267
0.042853184
0.039611675
0.04285643
0.073541366
0.94179463
0.9600109
0.9636501
0.13525288
0.043686006
0.031929262
0.031125788
0.037527397
0.06352569
0.11207832
0.9479226
0.9531948
0.89271516
0.062356263
0.037321575
0.0347779
0.038645145
0.042472403
0.04763448
0.069885656
0.09598235
0.84622073
0.21382113
0.112793
0.13042636
0.8817005
0.81250066
0.8108765
0.8898229
0.7973636
0.77773076
0.09449971
0.07109809
0.08105579
0.8846934
0.94683534
0.95028365
0.90393555
0.06365534
0.03890899
0.042269204
0.04312941
0.05235876
0.043870363
0.0442177
0.04720386
0.05364606
0.1146755
0.91532665
0.8691057
0.9159766
0.91078514
0.29209727
0.7757889
0.09110614
0.069911234
0.06191591
0.07244129
0.11052322
0.80885357
0.85493845
0.16844663
0.13921504
0.14928062
0.22062922
0.71160215
0.46866077
0.6581352
0.20857102
0.19692858
0.31092122
0.30754867
0.3785935
0.86281186
0.90686506
0.9007554
0.86891156
0.19658586
0.15195052
0.22376625
0.64956266
0.18184122
0.18452534
0.613599
0.19155037
0.25943556
0.16862524
0.15510112
0.24248584
0.862476
0.8840812
0.14153284
0.10250644
0.10590854
0.15513094
0.86162394
0.84641546
0.86847764
0.9064616
0.8759934
0.90539443
0.8856364
0.9027779
0.82263297
0.09569053
0.07780309
0.09086724
0.12259023
0.72478026
0.84385246
0.9124098
0.9007644
0.89021254