0.75736856
0.7516022
0.782705
0.84610087
0.8191941
0.7961124
0.81766874
0.6481765
0.34631512
0.33601943
0.34084195
0.33129126
0.28725773
0.4758979
0.30191493
0.24957572
0.24374619
0.33434567
0.26569715
0.27693132
0.5617788
0.58505064
0.36016405
0.43098634
0.32242963
0.3952471
0.37210035
0.3920312
0.39013195
0.8194478
0.84439605
0.664815
0.23735234
0.1387031
0.11477708
0.104434855
0.18464734
0.16174813
0.25386468
0.8847937
0.8932972
0.75488645
0.71609926
0.8525396
0.15178068
0.17519401
0.18447095
0.15833747
0.715211
0.13429777
0.1626611
0.16976999
0.91065204
0.18893883
0.059806153
0.04971757
0.048078507
0.058156535
0.054255113
0.054992657
0.05409949
0.053853594
0.059892338
0.090537526
0.83873516
0.084564194
0.049396437
0.04198252
0.05587589
0.09312155
0.91816884
0.9393745
0.945754
0.9448001
0.9427466
0.9350792
0.9475711
0.94478714
0.90852433
0.043478485
0.029084451
0.026868468
0.02936842
0.032435186
0.03316859
0.034827765
0.04086468
0.07041052
0.9163219
0.9104507
0.17627276
0.15849824
0.82607573
0.8858694
0.9138918
0.9288463
0.8555842
0.15607618
0.16579212
0.87903464
0.9242313
0.9205608
0.93911636
0.93791753
0.90210456
0.19313571
0.053888265
0.058865726
0.047321975
0.04562248
0.059603296
0.08680257
0.0842206
0.14887659
0.21412283
0.72026545
0.23901072
0.26807782
0.32161734
0.32198107
0.8117742
0.6883144
0.5834244
0.25079003
0.21491885
0.25579053
0.25593343
0.6258695
0.40494835
0.78418213
0.31959358
0.33544454
0.2880866
0.54955584
0.8729074
0.8343594
0.88986975
0.7855265
0.77502227
0.09776854
0.06980473
0.10992875
0.110613964
0.06731164
0.06600729
0.11499304
0.16520342
0.8768068
0.92551243
0.09401795
0.06344569
0.07593102
0.14520095
0.93017465
0.94589174
0.9403236
0.13948657
0.09465052
0.095404334
0.8461808
0.88190377
0.87024975
0.86521685
0.09603138
0.09501039
0.09950862
0.8694294
0.93044466
0.8863079
0.1636799
0.11565019
0.08459302
0.1034105
0.716042
0.7376831
0.17344083
0.15748508
0.11262732
0.15413974
0.8823618
0.90995574
0.89413995
0.8948446
0.91264457
0.91039973
0.88322
0.87762994
0.82813185
0.8286262
0.88478225
0.8990117
0.87800795
0.8744228
0.76142067
0.631114
0.4041196
0.21404508
0.21264744
0.16592039
0.16732319
0.30408177
0.32676378
0.8507328
0.8190053
0.81074476
0.86551523
0.79763305
0.8071972
0.91485924
0.9307618
0.9256626
0.13663137
0.07221562
0.050964907
0.04813476
0.05498744
0.11012495
0.9223444
0.8790477
0.12512022
0.09306201
0.0489704
0.046755064
0.07523592
0.93021387
0.94702864
0.86861
0.94398993
0.06429926
0.035104312
0.03462308
0.0389369
0.032414448
0.031799313
0.039561838
0.040746447
0.07715149
0.9245574
0.94086623
0.957288
0.956328
0.9233308
0.12126899
0.120007575
0.8295501
0.06720865
0.039569847
0.036754604
0.0393663
0.041263197
0.0501906
0.09018235
0.87798816
0.91639024
0.09791871
0.065904714
0.064746365
0.09165534
0.28134403
0.9159496
0.931219
0.92536676
0.8518237
0.8207862
0.8962888
0.9148373
0.90381294
0.84448063
0.8825267
0.81817967
0.78505826
0.8327418
0.0786601
0.07147557
0.04446303
0.044852454
0.04815148
0.08541372
0.9078412
0.35391572
0.22835058
0.9008627
0.09611652
0.046564754
0.040749572
0.05143391
0.11340781
0.929234
0.93777823
0.92281765
0.9223231
0.08776955
0.072582476
0.04832673
0.06372959
0.10707676
0.8306383
0.16530763
0.18827856
0.8744169
0.14224018
0.12592617
0.24134998
0.91056406
0.10332566
0.06652003
0.04803777
0.04499842
0.045595676
0.043615572
0.049129095
0.10291658
0.13726059
0.92961645
0.9248642
0.82788223
0.09357793
0.08099781
0.069046445
0.080722265
0.17415899
0.13198772
0.22928274
0.8282992
0.11304018
0.06416218
0.05672428
0.07541373
0.108983934
0.06812625
0.04851673
0.041588843
0.039491843
0.038893983
0.04144719
0.11205309
0.9297113
0.93819827
0.9335978
0.94147253
0.94162565
0.9369455
0.89964795
0.92352647
0.8777521
0.053636696
0.03658002
0.035748694
0.05581922
0.064661235
0.058275636
0.11112731
0.13857476
0.21875937
0.8441083
0.10674998
0.06271997
0.057405848
0.07005649
0.08767074
0.100596964
0.13677116
0.91755813
0.91941136
0.79005826
0.2030763
0.14060436
0.19992124
0.112643845
0.11332576
0.13508122
0.2608569
0.17808945
0.15993208
0.17581694
0.23680587
0.27715924
0.2855697
0.4852914
0.54140043
0.61144
0.8698625
0.88362676
0.8914909
0.8394662
0.838661
0.8923636
0.91117144
0.9129391
0.9009495
0.86627513
0.8762628
0.85045063
0.84217197
0.88586086
0.85293984
0.88543755
0.25542578
0.13599305
0.09278367
0.08534998
0.0872145
0.20276982
0.8162277
0.80049413
0.7788589
0.7863126
0.8366791
0.928547
0.9318534
0.1218958
0.055202443
0.050618786
0.0777179
0.8478705
0.86868626
0.90642196
0.933832
0.93380713
0.91288066
0.92587006
0.91347945
0.17455499
0.14023596
0.7697579
0.81254464
0.098131165
0.07536196
0.19642258
0.9237406
0.92671424
0.8789541
0.8755411
0.089001276
0.0688488
0.08366063
0.82809055
0.8876257
0.25473002
0.41316736
0.8834236
0.881766
0.86064
0.83938396
0.8218888
0.8235264
0.8462534
0.8670347
0.89286494
0.3181296
0.1273577
0.129396
0.3550109
0.88398945
0.8887925
0.9227533
0.9207396
0.87109613
0.8953533
0.8143336
0.17260303
0.10089536
0.09386272
0.114373714
0.3206051
0.6349381
0.89388156
0.8928894
0.7099915
0.180544
0.17891766
0.65483963
0.7144107
0.13867353
0.13835898
0.16443063
0.09144196
0.10446445
0.78336096
0.91411793
0.84036225
0.92494893
0.94391525
0.07304519
0.040102992
0.03684082
0.044698775
0.044746157
0.046730082
0.057111803
0.05179392
0.056862287
0.055071313
0.081602916
0.8463322
0.10144246
0.06616105
0.08197365
0.9155661
0.92533076
0.92482615
0.9359851
0.95005214
0.93956447
0.072979555
0.055318113
0.08452911
0.7619398
0.0769712
0.060252186
0.064661086
0.06624022
0.11136902
0.83378714
0.10773919
0.076590404
0.069398
0.052189793
0.055421606
0.103104465
0.8824466
0.9223885
0.86079526
0.82898635
0.9031997
0.10720906
0.08798485
0.1187123
0.18389058
0.17257804
0.7458375
0.7049788
0.26637363
0.27774766
0.87335
0.8988282
0.80366707
0.84457034
0.19946547
0.19664504
0.21058503
0.18054026
0.3584777
0.45694134
0.40552852
0.85748273
0.8743711
0.5343742
0.32864812
0.31233102
0.3053177
0.86972636
0.9012886
0.79053783
0.7516489
0.77107567
0.10195702
0.109078325
0.07581897
0.09113223
0.7704626
0.20284365
0.14864078
0.79562217
0.18710937
0.10461008
0.20282827
0.91442215
0.9405006
0.94129497
0.8994804
0.87850416
0.9198471
0.1937573
0.0877223
0.14691675
0.8201033
0.0813258
0.059857134
0.04546008
0.045204952
0.064861335
0.09813292
0.7994212
0.8045585
0.90729743
0.21638758
0.29216865
0.26145786
0.13776928
0.079684615
0.077698804
0.0947151
0.7503465
0.09843064
0.06668258
0.06365324
0.11445213
0.17415702
0.884694
0.09374176
0.048281197
0.04047677
0.03878443
0.04487458
0.08044748
0.93758285
0.9576837
0.9339401
0.06709442
0.03917865
0.0394715
0.044463433
0.055692066
0.10315785
0.8565611
0.13082768
0.08336413
0.06634454
0.067135565
0.11734619
0.8094001
0.7909581
0.13873293
0.10303947
0.13991594
0.7732366
0.78392303
0.11438461
0.06967588
0.0649414
0.10063519
0.8212787
0.113051556
0.10197287
0.069972776
0.1214549
0.90581876
0.9267589
0.16198334
0.12075102
0.14177893
0.91067123
0.9240283
0.096355624
0.07389948
0.1281117
0.87968355
0.84535056
0.8508917
0.1940506
0.17516556
0.8350837
0.33616307
0.8609572
0.8271992
0.1447908
0.21698484
0.34577742
0.9181806
0.9294154
0.12294793
0.0723052
0.09092275
0.092227325
0.70409167
0.114498265
0.09710152
0.14435443
0.38820502
0.91414005
0.9151368
0.1060466
0.07212027
0.056863736
0.08483862
0.8991999
0.92106503
0.9147708
0.9253693
0.91973466
0.8936703
0.9152134
0.9171991
0.88990456
0.9120496
0.9052208
0.090891555
0.068889946
0.0707234
0.11285829
0.8988049
0.9102484
0.37362367
0.115280874
0.13723053
0.120359346
0.16236691
0.16325913
0.43946075
0.7625307
0.81019247
0.8864687
0.8637682
0.3988653
0.5203623
0.6240876
0.84141916
0.28306425
0.15856476
0.21717837
0.21144237
0.7493044
0.13564773
0.07715751
0.056399286
0.067338
0.06545528
0.085571945
0.05419374
0.046513364
0.040195312
0.04525258
0.059186067
0.080193415
0.934499
0.9573228
0.9598726
0.104330674
0.09757165
0.071378596
0.0407479
0.03813977
0.040539913
0.0462638
0.042020746
0.042218443
0.04559034
0.05429727
0.14890687
0.9375063
0.9445247
0.9444345
0.19465415
0.07234921
0.08150308
0.12719195
0.8953218
0.08665734
0.053788256
0.043183878
0.044469845
0.07450898
0.93108404
0.92293847
0.91688925
0.19488633
0.13893111
0.10672609
0.05989481
0.07696829
0.90130985
0.9187636
0.93141454
0.9199358
0.9253517
0.918053
0.8799177
0.8564532
0.8753305
0.9140694
0.92035156
0.90453845
0.91963005
0.90445787
0.9245369
0.9253802
0.07175603
0.045206394
0.063233264
0.09061463
0.13197976
0.8258899
0.10659899
0.06946854
0.0650254
0.11872438
0.09911745
0.17320396
0.07721309
0.08050627
0.09837043
0.0864522
0.09082561
0.12125353
0.10069129
0.1235064
0.3776848
0.79932475
0.89637434
0.8986184
0.82511413
0.9074043
0.92106646
0.9183786
0.08128208
0.052129164
0.050967325
0.09895497
0.12053608
0.10666004
0.8866851
0.93936193
0.95056546
0.94507533
0.88524556
0.10590647
0.07852998
0.066391215
0.052507162
0.05720774
0.08819017
0.8070422
0.8820794
0.7754142
0.760439
0.8326041
0.7382855
0.7574078
0.8875028
0.90427583
0.8022473
0.17587084
0.19687325
0.15680028
0.08962785
0.056119017
0.08379395
0.102640375
0.911579
0.9205929
0.93881327
0.93221205
0.8659026
0.85812837
0.92271554
0.9310709
0.06897961
0.053516276
0.04981873
0.08094711
0.08482662
0.10768228
0.15950313
0.10021753
0.19706175
0.28072444
0.3050385
0.30456054
0.8993682
0.91138786