0.90325075
0.926755
0.90990776
0.8921929
0.75888675
0.32745475
0.22739148
0.23054306
0.41685152
0.7599675
0.9105128
0.92012644
0.16730554
0.07784599
0.066039145
0.06918681
0.11052716
0.8700892
0.930828
0.87436545
0.9281968
0.085793294
0.053473033
0.058907747
0.1019411
0.15234102
0.87700295
0.21849956
0.12602046
0.1276523
0.22236702
0.2513198
0.25431186
0.6881821
0.84099853
0.43946856
0.21984114
0.17022511
0.14302185
0.149452
0.122759715
0.14305672
0.1625313
0.14919227
0.13785425
0.2785014
0.23432967
0.7682637
0.9039824
0.9148362
0.8494997
0.9149738
0.91941106
0.84404457
0.079109736
0.056638755
0.058810286
0.114206225
0.9017711
0.9411851
0.89311266
0.075272396
0.055729132
0.058704212
0.09607629
0.81955034
0.82714844
0.8746266
0.93945426
0.9429671
0.92636585
0.09434799
0.0871837
0.087140284
0.101777054
0.7134465
0.18222436
0.1528998
0.14373708
0.18302496
0.13060123
0.14610602
0.07661152
0.11234325
0.101379834
0.8616453
0.92383355
0.9349373
0.92129636
0.93757206
0.94289386
0.9376752
0.8910224
0.05324463
0.047123883
0.0325692
0.036801826
0.04326294
0.058675446
0.108069815
0.92080885
0.90999305
0.8714862
0.92021435
0.092968136
0.07455235
0.055475075
0.039036233
0.03783661
0.047913436
0.071818955
0.8217694
0.82987636
0.86507565
0.92683923
0.92251927
0.81545496
0.7846774
0.80955505
0.90164435
0.098449476
0.08315775
0.07457099
0.09996945
0.15792456
0.1478039
0.15058415
0.30977097
0.5602045
0.822304
0.91031873
0.9053999
0.18333355
0.14435545
0.25820294
0.70217323
0.11311749
0.09150825
0.1007785
0.8086365
0.8988869
0.94650894
0.9481857
0.880562
0.85106325
0.06559419
0.043882705
0.04666508
0.059165604
0.07120721
0.095431924
0.791461
0.8913142
0.78371793
0.7761713
0.20580135
0.08807502
0.075961255
0.09694317
0.7676363
0.08449447
0.0566759
0.0524267
0.06471978
0.12307484
0.19185798
0.90878606
0.9432824
0.08679365
0.054075617
0.056709383
0.09213286
0.866592
0.09025397
0.069440305
0.0610472
0.07770309
0.9188462
0.9535035
0.9579038
0.9172516
0.05853651
0.04746338
0.06125626
0.11560011
0.9024401
0.11911018
0.05671969
0.052632067
0.07753822
0.8576723
0.92225945
0.85724264
0.17184716
0.14411932
0.16233772
0.096329585
0.07918115
0.06294937
0.06272993
0.075868964
0.1238864
0.22555317
0.8178111
0.91605794
0.9238694
0.89756477
0.67055935
0.63847846
0.12491827
0.10790145
0.07766529
0.07843709
0.112358265
0.18184105
0.9038942
0.1396615
0.07399597
0.053514224
0.055831835
0.05756678
0.061438266
0.06372586
0.114495315
0.121604435
0.18310437
0.17846146
0.2685158
0.9317228
0.89956635
0.09049532
0.044957954
0.04767892
0.03817734
0.038864307
0.034430243
0.03656502
0.056936152
0.91346204
0.9470082
0.95731866
0.9578328
0.9131181
0.90422523
0.045472283
0.030385558
0.031408034
0.028612511
0.039933622
0.055436496
0.9134788
0.93757737
0.9535475
0.9601975
0.9485873
0.050919246
0.0322256
0.02979482
0.031483106
0.036893815
0.06893828
0.9351768
0.9452376
0.87007165
0.8684636
0.06810577
0.039562467
0.037695233
0.04618052
0.05874121
0.075640544
0.08786747
0.23977731
0.93502694
0.9379063
0.8163334
0.1424935
0.10394583
0.12971075
0.18095075
0.15192896
0.1394703
0.17995113
0.18589748
0.67594504
0.4288154
0.69451314
0.3663298
0.17697579
0.16258988
0.13955633
0.19606005
0.14866032
0.2243009
0.21607511
0.26389387
0.78504825
0.91082084
0.2897754
0.0975507
0.07500633
0.11655932
0.079654746
0.07336482
0.12023029
0.7760025
0.78051245
0.90956295
0.9276109
0.14986661
0.10072934
0.123285025
0.7869451
0.10413251
0.084914744
0.06338424
0.0849689
0.8634749
0.8451363
0.9454502
0.9005673
0.05744583
0.03655606
0.032815475
0.038649853
0.068388306
0.93781406
0.95160085
0.94809926
0.09151602
0.04707134
0.042665996
0.0918891
0.90576106
0.93374074
0.9321207
0.93959075
0.9249079
0.9344134
0.89877564
0.06737861
0.044178024
0.04207605
0.07716135
0.88343227
0.92844456
0.90283585
0.93257594
0.9275297
0.08639906
0.09355673
0.05270018
0.05265652
0.087792076
0.89262396
0.81456804
0.895862
0.18542212
0.15979652
0.73275346
0.23984678
0.299551
0.7939635
0.12232495
0.08100954
0.13062686
0.087348655
0.09072597
0.12236814
0.14356825
0.14040923
0.14716642
0.28999975
0.8359349
0.4697593
0.21929656
0.22112228
0.18039091
0.24552207
0.31743586
0.6856547
0.47620055
0.2672454
0.33369866
0.6917528
0.37263954
0.16422515
0.16436936
0.1589634
0.24472806
0.68784964
0.4196758
0.2677162
0.20577389
0.2073293
0.33927095
0.30007735
0.77795315
0.8858283
0.89710736
0.8870892
0.17074296
0.10013668
0.10759414
0.123628706
0.10426707
0.10783006
0.12718546
0.19101444
0.8068413
0.34071982
0.34485778
0.8612662
0.91080993
0.92195314
0.91018665
0.91875863
0.8925035