0.8635319
0.91107935
0.9136724
0.8771202
0.83373433
0.44979447
0.4198701
0.7357411
0.5739629
0.54353464
0.5012509
0.55747163
0.67150205
0.742235
0.86396843
0.88401914
0.8395837
0.86863655
0.78453535
0.7394394
0.15580033
0.09806253
0.109629154
0.08790454
0.07617905
0.13408573
0.107166894
0.139125
0.22222012
0.9177564
0.94167
0.9397981
0.92286354
0.12193175
0.12833022
0.7000001
0.76216197
0.0929562
0.0785166
0.11486039
0.86834913
0.12233463
0.091432884
0.10515291
0.901162
0.9306287
0.9369473
0.9316736
0.9117633
0.9135352
0.9364329
0.9383808
0.9300539
0.06347727
0.05320174
0.042144332
0.062479604
0.07574309
0.77139515
0.25612864
0.8163946
0.9297057
0.087634176
0.04943407
0.041022748
0.04656435
0.056271113
0.11250852
0.8907855
0.19303727
0.1825311
0.91133946
0.937929
0.90148306
0.8606409
0.14456321
0.17170979
0.866914
0.19207075
0.09578971
0.15694302
0.16483586
0.89792824
0.3314702
0.19499579
0.07395449
0.08392454
0.0818706
0.11657375
0.19402382
0.124175765
0.15285835
0.10077405
0.13573608
0.20147613
0.11117314
0.07378307
0.0548401
0.053091813
0.054829523
0.07025063
0.092794195
0.13006593
0.91761494
0.12014766
0.07040895
0.05821221
0.080917254
0.12499376
0.91232824
0.09402639
0.052593686
0.042478353
0.044393588
0.07489638
0.9384408
0.9422882
0.92352426
0.9061209
0.059950855
0.03917628
0.03798965
0.055958834
0.09478822
0.924146
0.8433555
0.8805893
0.08394613
0.06268031
0.060005885
0.09224698
0.09799571
0.7788893
0.13818224
0.15488674
0.15435962
0.11343626
0.15507989
0.89429843
0.9215215
0.9164223
0.8203783
0.8609249
0.7902244
0.7889674
0.9003651
0.926931
0.25367132
0.06210151
0.05744757
0.045823064
0.04740909
0.074571945
0.08912006
0.069355845
0.06310841
0.11600168
0.93032455
0.9555125
0.9339163
0.08622217
0.053991724
0.042018343
0.049674533
0.0576591
0.052445084
0.07243945
0.1111227
0.10562413
0.16649176
0.9012016
0.1171794
0.07754022
0.07605493
0.10909177
0.87661475
0.1255368
0.10560493
0.12245
0.1126263
0.85671955
0.8918832
0.9313884
0.95129716
0.9437601
0.14883916
0.092098795
0.10056881
0.047211517
0.045055278
0.064025946
0.09075247
0.12882705
0.8779086
0.78090435
0.8152513
0.92126936
0.93622917
0.9235136
0.82022303
0.10418708
0.13023591
0.0828424
0.1145197
0.10340815
0.77119154
0.14076991
0.08386704
0.13231789
0.8890333
0.9373361
0.9493119
0.9514599
0.9451519
0.9074169
0.099246256
0.051389843
0.07151181
0.06203716
0.06974825
0.07672684
0.07851895
0.067032464
0.07009593
0.06387131
0.0889237
0.07885936
0.06482264
0.13765268
0.88657373
0.88329273
0.9131209
0.94575316
0.93989646
0.12286914
0.07296528
0.113457784
0.10749094
0.099463634
0.2504858
0.904535
0.14519507
0.093234584
0.15191114
0.117553554
0.10116358
0.10667977
0.124751896
0.21463212
0.21306181
0.31421697
0.25199485
0.81106204
0.9007826
0.7745735
0.73297286
0.21483016
0.20134032
0.2763308
0.15812387
0.08836301
0.08816685
0.09365809
0.07805806
0.10834336
0.76868165
0.82905877
0.92477936
0.9261581
0.12887132
0.119180046
0.22164829
0.1615297
0.75274944
0.16682127
0.09638298
0.09031172
0.0868782
0.062462587
0.07330374
0.059193432
0.06626456
0.10461112
0.12586479
0.8344533
0.83193785
0.1015883
0.07164188
0.07620363
0.10122405
0.83700514
0.09387907
0.06965972
0.077974886
0.078376696
0.11080543
0.9035025
0.8968077
0.08741551
0.057720676
0.06882835
0.8718655
0.91947615
0.9389433
0.92796177
0.9213725
0.93471646
0.8973422
0.8528241
0.85749406
0.067645326
0.060321867
0.081764154
0.81251186
0.88419646
0.17684624
0.13177857
0.08429688
0.084632136
0.0529722
0.054520268
0.07731295
0.0821716
0.1266847
0.91188717
0.1386514
0.09258308
0.0622263
0.069922484
0.09978582
0.07190326
0.06948356
0.07515331
0.07918927
0.16881831
0.13952582
0.13104412
0.15704353
0.11584946
0.1596813
0.9071269
0.14012776
0.07770656
0.06686037
0.08847012
0.7922445
0.83104485
0.15090893
0.14507575
0.8078891
0.08200616
0.05983967
0.04458875
0.055555735
0.067994624
0.88760364
0.887226
0.92512214
0.95156133
0.9518986
0.93838936
0.091538966
0.05818995
0.045588225
0.06255218
0.11104458
0.91243917
0.8829266
0.91383195
0.8388311
0.138574
0.1472966
0.75807613
0.79857934
0.11181777
0.09418223
0.16964084
0.22251087
0.814826
0.23517661
0.1211457
0.16706626
0.2743923
0.3876413
0.7501578
0.3216954
0.39831713
0.25700593
0.29743794
0.1317778
0.099768676
0.10492169
0.20166214
0.25245616
0.2144345
0.09180156
0.06636574
0.116888635
0.08848454
0.06390302
0.10226734
0.8856977
0.86255664
0.8928729
0.9477134
0.94595087
0.08382503
0.05654226
0.081627145
0.06693692
0.06174267
0.08333518
0.10751602
0.14189416
0.17473876
0.20519935
0.88619167
0.8810333
0.8884452
0.91188717
0.91969025