0.68850505
0.37489083
0.5012505
0.26309088
0.2701602
0.23815553
0.28976133
0.3880738
0.76563764
0.8530186
0.89519835
0.87620234
0.9041348
0.91445094
0.9160826
0.9136205
0.9026361
0.8643822
0.8963198
0.8577755
0.91153955
0.08918574
0.04670092
0.044740867
0.05040083
0.10887847
0.16729282
0.19756205
0.18548422
0.9138637
0.92193305
0.9218812
0.92062026
0.93806595
0.10767754
0.06485465
0.058660418
0.054514907
0.047870733
0.054358993
0.0745693
0.15347283
0.9097638
0.92732114
0.9216931
0.8181006
0.73864245
0.66608447
0.6408488
0.58899695
0.22793578
0.20278727
0.20905022
0.33210889
0.26276425
0.53983337
0.26760632
0.29121912
0.39096975
0.39205235
0.2890368
0.25982833
0.24838513
0.31354418
0.28574166
0.29576147
0.8603673
0.17847513
0.1451135
0.68025
0.09880647
0.07712524
0.09725388
0.77954507
0.8217199
0.14872527
0.07304715
0.074035026
0.09283212
0.08908466
0.87043875
0.8931307
0.9052275
0.91970915
0.94414103
0.89144754
0.8687433
0.057899904
0.043197934
0.04076301
0.048192117
0.10732757
0.91919225
0.9152113
0.14769839
0.13540588
0.1991115
0.8257984
0.2799302
0.26544538
0.8401743
0.8531636
0.9082041
0.9047599
0.7651893
0.36207396
0.43161765
0.42170084
0.31954032
0.28874967
0.26275325
0.65567136
0.7160632
0.7765586
0.80706906
0.7956902
0.3389364
0.31934604
0.28166547
0.20405646
0.19209982
0.17658173
0.24621956
0.31410193
0.21066393
0.21320474
0.1713488
0.2497702
0.6839214
0.78754205
0.9015729
0.9110575
0.8493588
0.8307804
0.90312916
0.91726995
0.897379
0.14425933
0.11930992
0.1883938
0.14759158
0.23373042
0.50596285
0.86155546
0.49235272
0.43478054
0.17622906
0.12698922
0.112163864
0.11838543
0.15714501
0.2094318
0.24031734
0.7444983
0.14153144
0.12939173
0.09908469
0.11038929
0.09077277
0.16308615
0.8432365
0.88741696
0.9254491
0.9125799
0.91410875
0.8479162
0.8502282
0.91328853
0.8757784
0.08535765
0.054971352
0.047946543
0.0450482
0.050296023
0.07419163
0.917076
0.9458451
0.9431151
0.10279916
0.06953085
0.06916952
0.11627817
0.9019902
0.9302388
0.94014674
0.95110726
0.9233074
0.06817643
0.054527592
0.043589488
0.032049146
0.03794932
0.062368806
0.9366611
0.9572704
0.9631142
0.9564622
0.07918556
0.049568165
0.03159256
0.035717685
0.043268107
0.05898104
0.062479828
0.09564907
0.13386802
0.19645359
0.9283523
0.9284298
0.13185252
0.14617461
0.16007969
0.17598508
0.18762155
0.1839986
0.1580001
0.098441415
0.14313473
0.12264143
0.7899917
0.37069723
0.30264214
0.865538
0.40445882
0.1668108
0.2370863
0.09485937
0.08645441
0.09812307
0.18184455
0.2770825
0.54623866
0.8141107
0.9039212
0.9101555
0.85680294
0.8179334
0.82373965
0.8616212
0.9002643
0.9083413
0.90066236
0.90839565
0.9125855
0.9135618
0.9100006
0.8964452
0.89718807
0.8641053
0.8444483
0.8651872
0.91710246
0.9200242
0.17610836
0.14422137
0.113474205
0.061332338
0.05174357
0.0494009
0.050753873
0.061756104
0.10078217
0.9068705
0.92389715
0.09259855
0.047514014
0.045152847
0.050675187
0.08107084
0.8920999
0.8494829
0.8863992
0.07704879
0.047493324
0.051460136
0.053302232
0.10757746
0.8850706
0.86118954
0.12856087
0.13948509
0.15941107
0.1886851
0.83035755
0.18863392
0.15454443
0.12790239
0.1453111
0.32059783
0.92486197
0.9335546
0.08433099
0.06314672
0.057763122
0.057450127
0.049945243
0.123888545
0.9080004
0.9293133
0.94755965
0.9439673
0.884035
0.20783693
0.17453067
0.12764908
0.12129667
0.88981557
0.9220157
0.91213596
0.91870266
0.895899
0.9166637
0.8900709
0.87758124
0.87469786
0.9214013
0.088263385
0.08186646
0.06284817
0.06371047
0.07039863
0.07061586
0.13008547
0.17199321
0.17232832
0.10621594
0.14646225
0.113537975
0.16435547
0.29410958
0.38386658
0.39855245
0.29643723
0.28512734
0.33225995
0.18674639
0.1898034
0.3288606
0.7429183
0.8109867
0.26679164
0.23473732
0.30273205
0.80595183
0.7368049
0.56619596
0.46793205
0.24971835
0.36158714
0.25355583
0.28383788
0.8196481
0.7998241
0.87745
0.8767804
0.2513435
0.18619433
0.24242826
0.24919787
0.20402843
0.2407395
0.9067394
0.14744622
0.08227116
0.06567649
0.06950905
0.04781868
0.049625587
0.058519736
0.09378555
0.87698346
0.17879121
0.15950717
0.86229205
0.14465216
0.120344415
0.84271926
0.89380354
0.9160254
0.93347937
0.8969334
0.8605184
0.8321174
0.83663
0.13713536
0.15014212
0.8811137
0.8557853
0.18876304
0.23157793
0.844402
0.098778225
0.09744308
0.093061104
0.054802857
0.07090972
0.109527506
0.09966785
0.20474301
0.8949863
0.1765478
0.1921725
0.16711757
0.19623685
0.37982288
0.48049334
0.77757025
0.105525225
0.079045214
0.08378515
0.07181126
0.17923464
0.92702585
0.94564617
0.9460217
0.8843761
0.23465751
0.11847547
0.18222277
0.1697451
0.19028327
0.7465204
0.7593478
0.7609364
0.7825807
0.8056802
0.8256915