0.92778635
0.93703574
0.8412532
0.12632506
0.07781144
0.08712611
0.070874885
0.0661372
0.059269696
0.06681753
0.06776289
0.061689153
0.066316456
0.05927688
0.0618518
0.059256516
0.07390989
0.15227124
0.9109419
0.5003779
0.26622543
0.86510766
0.14374505
0.16250551
0.15187415
0.80724424
0.7997469
0.90340143
0.36717695
0.8076524
0.1421701
0.13046141
0.8385368
0.9375823
0.110190816
0.040779375
0.03623359
0.04176657
0.04753769
0.14624855
0.9351662
0.92865384
0.16680089
0.14775252
0.8931373
0.8980119
0.8693794
0.9138869
0.14956726
0.16243233
0.9101757
0.94161344
0.08241596
0.037860624
0.036300823
0.03822454
0.037022103
0.041788876
0.048972856
0.0932204
0.84154195
0.40694535
0.9201826
0.93920153
0.92426276
0.11745341
0.115198456
0.122810535
0.6798745
0.6480552
0.22538754
0.32126227
0.8804801
0.7511984
0.11249518
0.09075937
0.097746216
0.14255755
0.19591072
0.8366324
0.74378914
0.78329355
0.89710194
0.9023452
0.7884768
0.8727393
0.12318361
0.09026065
0.09115299
0.07770163
0.086418144
0.1709362
0.19978942
0.79080737
0.9016914
0.26311007
0.16700874
0.2432926
0.90106714
0.84515166
0.084308416
0.051880922
0.056303114
0.04984109
0.06090404
0.061301716
0.052883837
0.04898864
0.043562975
0.04502898
0.06540066
0.8180489
0.8414634
0.93385005
0.30643466
0.3788166
0.9148286
0.07213059
0.03971082
0.03226893
0.031513654
0.035041284
0.055357948
0.9276518
0.9587993
0.9654475
0.9564244
0.052784834
0.03048922
0.029716717
0.031611443
0.04177321
0.065267526
0.82567215
0.20583256
0.32993844
0.9269876
0.9048741
0.93046105
0.07462198
0.04783456
0.047460422
0.067527905
0.9067428
0.91864103
0.94431216
0.9389037
0.87964725
0.09098555
0.059692144
0.07346868
0.86048347
0.92438376
0.88180673
0.90927976
0.106884144
0.080621324
0.15058507
0.8723174
0.9273845
0.9319392
0.9047254
0.19878727
0.19119327
0.83242005
0.81668764
0.8242351
0.91605514
0.92375034
0.8370323
0.8513465
0.072564125
0.054002225
0.05226696
0.101014264
0.075052805
0.08571713
0.16847828
0.14447889
0.18889517
0.8541295
0.20254041
0.17595959
0.30493695
0.16084461
0.18003774
0.11207622
0.09995441
0.11653974
0.0991503
0.11963152
0.09248107
0.07215807
0.07128362
0.08893152
0.15329152
0.12711734
0.11838846
0.14012143
0.07614202
0.06761584
0.118509054
0.9307878
0.9010983
0.09111121
0.048853923
0.037272993
0.035337657
0.036546685
0.0420988
0.039190806
0.054670833
0.90006405
0.9239556
0.95081055
0.9573305
0.9588078
0.9516066
0.9142621
0.047686845
0.03293383
0.03753342
0.053184193
0.044279497
0.05033713
0.07832216
0.08296559
0.059233062
0.055716008
0.05484114
0.08251646
0.16576102
0.83950555
0.84158814
0.23596618
0.11413254
0.065502346
0.07006903
0.093641154
0.17905171
0.9110258
0.13341954
0.05640204
0.043744955
0.043048035
0.040552028
0.038926326
0.044845253
0.083241984
0.9172967
0.94379824
0.90553343
0.93435556
0.08071263
0.05806885
0.06345359
0.094725735
0.8992906
0.831173
0.9106204
0.09771166
0.0733826
0.0771396
0.09595263
0.78765607
0.90122646
0.8130419
0.9124847
0.09869762
0.07083441
0.056338567
0.057892554
0.08476142
0.8695806
0.13108908
0.11695614
0.14732592
0.9195065
0.9490017
0.9552141
0.9206914
0.94035923
0.056043144
0.03418693
0.03203327
0.035167187
0.038861692
0.048582
0.105436474
0.14179127
0.8966468
0.13762893
0.11617989
0.08624709
0.107404515
0.85887414
0.92889416
0.82032645
0.81462324
0.08388709
0.058914784
0.07555206
0.060963605
0.06845798
0.10093467
0.8856267
0.13681465
0.09480219
0.13831934
0.8417142
0.797335
0.08113163
0.052446097
0.049583822
0.079659484
0.9316185
0.9461192
0.91509277
0.085569575
0.08289197
0.10265582
0.822918
0.1492909
0.21767199
0.9066827
0.94312835
0.9379933
0.16431992
0.12533946
0.7545594
0.078594476
0.061092265
0.07911525
0.86076033
0.93544275
0.9375747
0.08077461
0.05370805
0.055490147
0.0954474
0.8526985
0.9049909
0.18500677
0.13300881
0.13960044
0.8396847
0.1989019
0.183615
0.7797459
0.9022993
0.108379945
0.07258911
0.057621468
0.060718175
0.08647668
0.11564622
0.7383125
0.7083478
0.19496727
0.2174777
0.13438502
0.12591413
0.7675502
0.88386333
0.80780894
0.8171478
0.91879654
0.928889
0.0833126
0.05050685
0.05081903
0.07544696
0.85883313
0.8705241
0.8392711
0.84987986
0.07687494
0.051505003
0.050309483
0.078367986
0.84532493
0.8630763
0.94665563
0.9523752
0.94312626
0.07982247
0.047702502
0.060976606
0.04921381
0.064305075
0.07350281
0.08330341
0.0976032
0.8405068
0.08902966
0.051015906
0.05195341
0.04641997
0.065520085
0.89560884
0.92907894
0.93654686
0.9203428
0.9233521
0.89999753
0.89984596
0.91256714
0.8850495
0.8783744
0.89769137
0.84905314
0.8272455
0.8378947
0.8462372
0.9224301
0.0779759
0.047274157
0.05838056
0.06574441
0.10189294
0.8876183
0.17659684
0.21917826
0.17715728
0.08783091
0.07613608
0.13893981
0.12070085
0.14510804
0.76933277
0.8011908
0.80625445
0.8443613