0.679501
0.5932497
0.43012324
0.25333253
0.24236573
0.5775013
0.248978
0.30923384
0.1622525
0.1807709
0.16197418
0.16803578
0.7302484
0.91080433
0.19490167
0.07934368
0.06829804
0.071688086
0.115004525
0.1191515
0.13529903
0.17828548
0.1677796
0.0893364
0.13062224
0.10020186
0.16632448
0.9230607
0.20496362
0.062330235
0.043742508
0.042781282
0.05335508
0.047364086
0.04641293
0.06458462
0.8584113
0.93400043
0.8574612
0.843644
0.9088223
0.07465203
0.0427458
0.035714727
0.032596752
0.040992707
0.073314875
0.93108815
0.9497814
0.9646886
0.96075726
0.08599103
0.050999843
0.033301298
0.040826775
0.04313557
0.04038861
0.041094124
0.04497842
0.07752592
0.14575066
0.93131673
0.829965
0.09694126
0.069601856
0.069083236
0.116171524
0.75382835
0.31642947
0.22366522
0.33179334
0.89281297
0.90950584
0.7947048
0.86335593
0.16066873
0.1340644
0.15079129
0.20143217
0.15543948
0.21773721
0.80303353
0.9186221
0.9262111
0.11649915
0.090799116
0.13858747
0.20045227
0.8151528
0.0982403
0.06459206
0.07993774
0.10320055
0.08641912
0.07762086
0.11252347
0.89591414
0.09830573
0.06277677
0.06521267
0.08140365
0.87156254
0.92733216
0.49292856
0.92811286
0.16669203
0.048566822
0.03283959
0.030870978
0.029710757
0.033909366
0.05373142
0.92468184
0.95749635
0.96383345
0.95497006
0.056424655
0.03696247
0.036389448
0.04684223
0.0689057
0.8195435
0.2304227
0.25814998
0.8897177
0.56660736
0.8526946
0.91939646
0.08910705
0.07187028
0.062411934
0.09759985
0.89577925
0.82460034
0.9279998
0.10567042
0.08645622
0.057424832
0.0458368
0.07071934
0.079962194
0.1504183
0.17411685
0.87922204
0.09811312
0.061394803
0.069811426
0.8505677
0.9003423
0.92103237
0.95783347
0.9564929
0.90711474
0.053803455
0.036069732
0.038869157
0.05042268
0.06674974
0.09073102
0.06803734
0.054810643
0.052541424
0.059949964
0.069472075
0.074928716
0.14910649
0.31889933
0.91863817
0.88589007
0.87952983
0.9151519
0.8589398
0.8146495
0.7779231
0.8039685
0.16443953
0.15274337
0.13651708
0.76965696
0.102430925
0.08398067
0.15454717
0.154901
0.23054367
0.16719075
0.20718874
0.86012006
0.21745554
0.1272133
0.116789065
0.13549517
0.29154304
0.13975583
0.1761617
0.13542587
0.10078523
0.11348977
0.08850052
0.07219723
0.07396897
0.107137695
0.20016517
0.17812678
0.15795058
0.8821908
0.1328561
0.09213144
0.12072822
0.7958776
0.88248366
0.10028244
0.05363189
0.042699143
0.04166835
0.05062357
0.088456415
0.89636254
0.123874284
0.084137164
0.15612312
0.9403835
0.9589416
0.9272705
0.9210274
0.05577297
0.034552973
0.033537935
0.039311998
0.051946282
0.052073743
0.05773063
0.082137
0.080762565
0.058671065
0.05328006
0.047753215
0.05340638
0.09651566
0.14308205
0.88319784
0.9286417
0.82252604
0.2093704
0.10512201
0.11572561
0.18553974
0.9023583
0.09750823
0.052503046
0.041799035
0.039802182
0.036566336
0.04299442
0.044806026
0.07966338
0.91186184
0.93552464
0.91589576
0.9324026
0.8327572
0.8421713
0.17380595
0.1306942
0.28154054
0.9058165
0.094839856
0.046744406
0.041634686
0.04554029
0.07360506
0.8123611
0.8937262
0.8109802
0.9213923
0.10080905
0.05134342
0.044963546
0.050975297
0.09787936
0.8807928
0.17320016
0.18230718
0.8767597
0.92475635
0.9133595
0.9305498
0.8892192
0.9176406
0.29889083
0.17263557
0.83616066
0.1256335
0.050906204
0.04818846
0.05698443
0.119852185
0.8509929
0.097137
0.056855977
0.052901775
0.077670485
0.8978239
0.94569844
0.8757012
0.900767
0.070573226
0.04075145
0.03672604
0.037598718
0.040949512
0.04327949
0.06800571
0.09416406
0.8613737
0.24824233
0.16340189
0.8298783
0.81966764
0.86687624
0.91807777
0.90532094
0.93261653
0.9405061
0.9341479
0.91971046
0.07064425
0.063568525
0.06825514
0.070889875
0.07064077
0.09917333
0.9125559
0.9184585
0.82189715
0.09278201
0.07550827
0.059610892
0.06978038
0.88170224
0.9387702
0.9452568
0.9314552
0.09988888
0.07403779
0.12896976
0.10740373
0.8370417
0.9000833
0.85359555
0.91637105
0.9099724
0.8085027
0.10374069
0.11170188
0.1326925
0.18392193
0.09825464
0.11148817
0.076067165
0.0799534
0.12457077
0.2981499
0.75321746
0.74904704
0.17507587
0.2106104
0.1244641
0.10901799
0.099770546
0.07054669
0.112360194
0.866748
0.8550809
0.898226
0.94216514
0.93620294
0.26076338
0.0993628
0.14946541
0.106489085
0.18049182
0.1841
0.19260417
0.78519994
0.8119283
0.80039006
0.7679033
0.7468332
0.78975487
0.8841177
0.8868087
0.8061325
0.7633988
0.76384085
0.782822
0.8506617
0.92742354
0.9428068
0.9369009
0.9194069
0.079257585
0.05751605
0.09969558
0.060807817
0.12659155
0.9036381
0.8895463
0.8603675
0.8817468
0.92328423
0.9304891
0.9195774
0.93510216
0.92924166
0.8456825
0.859689
0.056539793
0.0376601
0.038615797
0.03936152
0.0424362
0.049857203
0.06396202
0.18868086
0.90037555
0.20605776
0.20874311
0.24768898
0.7356345
0.6989842
0.18361433
0.16906781
0.2477382
0.8082418
0.87038964