0.20636174
0.18547228
0.21119456
0.75495636
0.121664785
0.09290869
0.08439071
0.082117334
0.08727279
0.092157856
0.8204143
0.828968
0.93777466
0.90385854
0.080937296
0.04860724
0.040716354
0.037929855
0.034563176
0.032766115
0.035743475
0.057394873
0.90535474
0.9227813
0.9404327
0.93047136
0.9144499
0.8979116
0.8899086
0.89512706
0.9048089
0.910608
0.9097261
0.9003953
0.93194485
0.05716171
0.034079697
0.039239045
0.055501886
0.06475289
0.055371612
0.09699413
0.21052174
0.91825014
0.9119413
0.9375721
0.93332756
0.86827457
0.89447534
0.11552058
0.10581349
0.18340608
0.2344785
0.28642705
0.22437029
0.72909826
0.693734
0.3110408
0.39802152
0.385977
0.85687137
0.8967574
0.87237936
0.29409227
0.27358988
0.27580625
0.2380239
0.37448037
0.3226203
0.6134147
0.21069802
0.18863872
0.27029842
0.83455884
0.73126507
0.21214871
0.2018022
0.83612466
0.15014261
0.17269939
0.11500846
0.12387121
0.69207263
0.15480982
0.15639636
0.7697878
0.10710826
0.06385674
0.05706762
0.057040714
0.058867
0.06597319
0.074077174
0.10392706
0.80624
0.8170036
0.10183556
0.05864299
0.051840276
0.053366866
0.08093379
0.7864368
0.7758018
0.14060985
0.12538119
0.7500127
0.8292429
0.09805051
0.07015769
0.09209429
0.92473423
0.9254879
0.9427154
0.08144069
0.060975455
0.079180904
0.79339063
0.086965546
0.06174763
0.090423234
0.92131275
0.95414174
0.93274254
0.9228013
0.067853786
0.03422991
0.031109404
0.031838033
0.03794015
0.060039647
0.83767676
0.8411237
0.91252977
0.86437917
0.10046774
0.07367931
0.093798675
0.8209454
0.898132
0.21056196
0.21727158
0.8894496
0.86398333
0.08228524
0.052533716
0.04373561
0.045027997
0.04802381
0.050840553
0.052645735
0.06338451
0.06844531
0.09530964
0.76423895
0.20182943
0.21171439
0.87332165
0.32244694
0.81039375
0.15530184
0.07123547
0.059390042
0.06151997
0.08894303
0.098106004
0.12776601
0.17011862
0.8871471
0.8840843
0.48821932
0.20027535
0.20401977
0.28234336
0.2682909
0.84418637
0.17265147
0.11465489
0.12454823
0.07500622
0.06358807
0.06976048
0.084726825
0.080125235
0.1275304
0.91191804
0.8387613
0.1203225
0.09049767
0.13076429
0.85334957
0.88805836
0.923138
0.9404945
0.9286502
0.22456828
0.10221545
0.12207022
0.8195831
0.9211556
0.9220063
0.15701598
0.109295554
0.18074793
0.14156592
0.7034566
0.7428885
0.2434151
0.17569661
0.7477985
0.10562847
0.10336935
0.05679452
0.04667212
0.052227393
0.09181
0.88068134
0.9403786
0.13008362
0.059903786
0.0588578
0.09421952
0.88013345
0.9226354
0.08487264
0.04054146
0.03529881
0.033397913
0.037260197
0.058853377
0.8947963
0.924863
0.91732925
0.9099186
0.88736975
0.9078355
0.068311654
0.03773377
0.03494847
0.03938388
0.049783688
0.10209901
0.87699574
0.85644734
0.14685419
0.08399801
0.08293918
0.20446897
0.93290955
0.9434787
0.18591298
0.062402684
0.05559956
0.06842438
0.08893649
0.115547255
0.74063766
0.7157917
0.30635035
0.51251984
0.8419
0.9060293
0.8223625
0.87331545
0.14816102
0.12488
0.19658478
0.1419639
0.16246395
0.61199427
0.25410244
0.48693645
0.3809249
0.15039736
0.11868548
0.11525697
0.1380376
0.7621159
0.822574
0.9089245
0.8227275
0.1419368
0.09989469
0.10501424
0.1326725
0.24706171
0.70686173
0.6930785
0.6852602
0.6522699
0.62858933
0.63506734
0.5645719
0.41102278
0.79778516
0.22409724
0.18003467
0.22145803
0.222354
0.26156142
0.13252108
0.11065727
0.11960522
0.23277994
0.80216455
0.9085015
0.8101973
0.09690301
0.06954742
0.06461581
0.106057934
0.8402488
0.92197996
0.30545476
0.21633734
0.88825583
0.101597585
0.0525423
0.048920084
0.07562763
0.14137663
0.92602074
0.9236381
0.9276554
0.08357303
0.052536428
0.043759856
0.049518283
0.09508045
0.8111268
0.18669263
0.26943174
0.83914155
0.9019077
0.82078403
0.8158304
0.90712976
0.9128351
0.823102
0.27394408
0.2318319
0.8237292
0.073551275
0.050897982
0.036227815
0.032731347
0.03395461
0.04088763
0.10906764
0.92736286
0.9127835
0.90752405
0.9267716
0.8908154
0.89548546
0.9366245
0.9475119
0.94422996
0.9156929
0.05782026
0.03173746
0.029500896
0.032169938
0.036135715
0.052095044
0.09119665
0.8385778
0.26686686
0.31666908
0.91118264
0.114618406
0.08747869
0.10097291
0.051379614
0.06887104
0.049776807
0.05647621
0.040218346
0.04172914
0.074768096
0.90581197
0.9051942
0.9122575
0.91284776
0.91294324
0.92495066
0.91363406
0.9248574
0.9212896
0.8773343
0.83409584
0.82153505
0.8352139
0.8407665
0.8476745
0.84281117
0.8565899
0.08141538
0.05722737
0.06639895
0.1078678
0.8270019
0.105415545
0.085760064
0.07645682
0.10515924
0.15064503
0.08195542
0.071240894
0.07233113
0.074733615
0.110886104
0.8081928
0.80309886
0.80680436
0.89345556
0.27413538
0.10351249
0.07993874
0.08211845
0.13208236
0.13820961
0.226924
0.15002371
0.15002574
0.18416612
0.38774616
0.8536328
0.81666243
0.8644882
0.77507627
0.70219964
0.67223644
0.22046173
0.23359136
0.23027888
0.36561096
0.39589635
0.43067586