0.73672616
0.6720224
0.5905279
0.5936516
0.70878726
0.86459255
0.89364326
0.8556942
0.8689424
0.7397389
0.28505102
0.18019952
0.15279381
0.18746984
0.72290134
0.9070503
0.9239576
0.16334686
0.07280581
0.058007028
0.057593435
0.07188382
0.87579507
0.9445017
0.95262736
0.94370395
0.079692714
0.050188195
0.057827696
0.10038294
0.14634544
0.8637369
0.14776602
0.13005239
0.121212125
0.21951239
0.24867143
0.24493109
0.66415054
0.8032352
0.39235666
0.6311836
0.22605343
0.18016964
0.18114485
0.1591191
0.183842
0.21802443
0.20992543
0.29473796
0.20566878
0.19040394
0.24422522
0.8397464
0.79545563
0.8086087
0.89805424
0.8952361
0.74329543
0.6740516
0.15433414
0.10371879
0.138928
0.16718504
0.16590528
0.67577857
0.6835156
0.8030751
0.34974214
0.24027412
0.2542996
0.39174974
0.89713913
0.93251705
0.9312641
0.115493484
0.07577315
0.08846693
0.06351911
0.08331251
0.075465746
0.088207684
0.07256001
0.11280206
0.07279355
0.057231233
0.083193235
0.06749034
0.07951281
0.8100949
0.92375886
0.92405367
0.43042368
0.91394174
0.94509166
0.13006406
0.04363111
0.03979938
0.041114822
0.048166342
0.038770895
0.0328513
0.031736333
0.034667127
0.05383661
0.9038111
0.9174104
0.9388326
0.95216066
0.9541985
0.94244206
0.9178132
0.93951267
0.049172293
0.02931013
0.027787363
0.031016158
0.036519043
0.046449877
0.07305515
0.09515974
0.09682341
0.13323386
0.86681676
0.88839054
0.3350315
0.76145136
0.78639925
0.8012326
0.899003
0.1105944
0.08070134
0.10442342
0.1053146
0.13962144
0.89294094
0.92067
0.9097205
0.7461894
0.7131525
0.8308892
0.43217683
0.23447639
0.2501328
0.83900917
0.74663603
0.6717646
0.6629322
0.14713325
0.12729982
0.24526757
0.9109798
0.9365369
0.10733783
0.075807825
0.0452229
0.04107429
0.045296904
0.04901946
0.047753572
0.051428724
0.08857115
0.8955579
0.20596747
0.18458289
0.91559637
0.898961
0.8410443
0.8477748
0.064952284
0.04111982
0.039429482
0.049885172
0.11279463
0.93884194
0.94842535
0.90615463
0.16440795
0.054656107
0.051954642
0.058695253
0.10169603
0.118850745
0.78007096
0.8058454
0.12696198
0.0703004
0.052439623
0.057627503
0.07644908
0.053037297
0.042473998
0.04773245
0.06822234
0.1545945
0.93776405
0.94329584
0.8932334
0.13687333
0.13396162
0.8436351
0.9159515
0.92823714
0.9142415
0.9085376
0.91615564
0.8694587
0.81885535
0.7822538
0.75717944
0.77078646
0.13072678
0.13602228
0.8727987
0.94924647
0.953794
0.18988018
0.05046317
0.037232194
0.040552773
0.043947533
0.06077099
0.056740317
0.07288943
0.11565548
0.22273228
0.7569862
0.7040366
0.68610865
0.34185776
0.21066839
0.25204837
0.8629545
0.22449785
0.21551226
0.14894834
0.11280855
0.22138931
0.9176819
0.8758279
0.099296816
0.05299314
0.06770541
0.058173563
0.037593104
0.033814024
0.03629063
0.05713201
0.913023
0.9471049
0.9575938
0.9576761
0.90500635
0.9003304
0.045143288
0.02846768
0.02654484
0.02662858
0.030873308
0.049142204
0.90217257
0.9311818
0.9511386
0.9608968
0.94984895
0.052373406
0.031327873
0.031104688
0.030817507
0.038083676
0.070526294
0.93338776
0.9422205
0.8577954
0.8679437
0.07292224
0.0409572
0.03860918
0.047688253
0.06019329
0.07637296
0.08741421
0.23620576
0.93496895
0.9362638
0.81639653
0.12473906
0.084853046
0.090997145
0.13358466
0.25044838
0.7387053
0.37827536
0.22288024
0.3131635
0.7050931
0.7320042
0.8631597
0.16354647
0.12277379
0.09639347
0.10635353
0.10818672
0.14919919
0.7364519
0.2968919
0.18531066
0.265996
0.7281943
0.7564223
0.88406444
0.8004396
0.8910776
0.11859562
0.09909535
0.10080978
0.8064445
0.9360568
0.95315623
0.101162784
0.050276436
0.03535749
0.0364577
0.043527465
0.042792417
0.042241435
0.044557076
0.05163644
0.10156668
0.9070611
0.11725321
0.07236253
0.10147869
0.8981179
0.9105722
0.93227357
0.9493364
0.94745284
0.9332779
0.0992768
0.05824709
0.072676264
0.83116573
0.8529665
0.9368038
0.9139226
0.112985834
0.07542926
0.086592875
0.058592644
0.042117845
0.047487006
0.043630093
0.046072308
0.07150481
0.0892505
0.8748192
0.91323465
0.91244197
0.21087977
0.3084709
0.2700633
0.78073263
0.20990643
0.11353052
0.12151034
0.7645016
0.141732
0.11945671
0.8592238
0.9313733
0.9327301
0.86559767
0.12615158
0.12660621
0.74957424
0.19352214
0.124193385
0.18390583
0.871724
0.2100131
0.12432622
0.16131745
0.7480962
0.13032185
0.10044083
0.17310672
0.13711964
0.29282993
0.41779327
0.8837796
0.88059705
0.70949274
0.2638579
0.21004342
0.30001563
0.2302102
0.39841837
0.6718138
0.6488337
0.25828022
0.30887192
0.2156513
0.23333926
0.68390214
0.79086995
0.22553487
0.18401305
0.24260817
0.5691668
0.84416157
0.19841081
0.1151871
0.12219007
0.14350137
0.13559258
0.16042386
0.5850882
0.28660882
0.67186904
0.738039
0.8056447
0.39355618
0.38154218
0.85241216
0.9090502
0.91918576
0.91041434
0.86505383
0.8550431
0.774494
0.78002244
0.8504722
0.85614395
0.8694746
0.89079714
0.88777655
0.90270436
0.9092613
0.91547257
0.90461177
0.8769894