0.8635263
0.8540567
0.80074066
0.75852823
0.80123484
0.59843224
0.2808445
0.2405825
0.21983434
0.25923696
0.23860043
0.23929532
0.45723873
0.2787609
0.27342653
0.29413828
0.72427607
0.42044687
0.30159062
0.27500284
0.32406253
0.3645456
0.4066826
0.4931252
0.5731273
0.49101424
0.33714178
0.40221044
0.3473108
0.30304277
0.3123428
0.7068067
0.4856146
0.26872525
0.25914282
0.19298047
0.18990363
0.19132815
0.25424546
0.16424577
0.16317825
0.16914746
0.18489648
0.74435556
0.2844782
0.25469163
0.78920156
0.18643695
0.21018377
0.11981771
0.14816326
0.11205435
0.17352037
0.20541178
0.7547769
0.775474
0.12770508
0.08110758
0.06253715
0.06635144
0.10880075
0.7948529
0.09756357
0.07366917
0.069140695
0.08601233
0.78801864
0.7898395
0.7980292
0.8293754
0.8600115
0.07979293
0.05516326
0.069323644
0.094529524
0.7942701
0.08737631
0.0557927
0.050700277
0.066279024
0.15701754
0.9140195
0.78927165
0.8043435
0.09493127
0.06864385
0.07435927
0.104791954
0.8655445
0.23174585
0.32930169
0.89957464
0.8999693
0.45477343
0.87764543
0.9124426
0.9234537
0.8843858
0.8036942
0.27071384
0.79020935
0.8993634
0.28945717
0.16329947
0.75861365
0.130132
0.12642297
0.076351136
0.08908668
0.7812919
0.8754376
0.7749968
0.77124244
0.90442246
0.21189436
0.108372375
0.10208888
0.6790747
0.11690501
0.10974229
0.817972
0.9110523
0.30435735
0.40978935
0.9021469
0.0851263
0.065282315
0.079518996
0.0786278
0.06569138
0.07113853
0.91502553
0.9511193
0.95745915
0.94781315
0.06903592
0.059064757
0.05203526
0.0576437
0.079668164
0.086778946
0.79604244
0.24715354
0.38635767
0.9086448
0.86634195
0.9070927
0.14675757
0.13816607
0.7017092
0.14908662
0.23614234
0.29220784
0.8892866
0.20950639
0.1316449
0.07724933
0.09780078
0.083164275
0.13675882
0.17731448
0.8441753
0.7051122
0.15727015
0.18220522
0.14315638
0.7851558
0.9191095
0.93444395
0.93927515
0.082748234
0.0454619
0.058468517
0.04004287
0.042659275
0.06659962
0.8746934
0.9129418
0.17232975
0.15849137
0.8738535
0.9102496
0.89648414
0.90633714
0.06678093
0.03830764
0.033736475
0.03644302
0.043085314
0.049412016
0.052506763
0.07491722
0.8365329
0.8214498
0.8317804
0.90854543
0.26926872
0.21413103
0.17030708
0.78598034
0.879247
0.17348996
0.15208426
0.7056935
0.10471477
0.07596078
0.082516596
0.15323977
0.8888495
0.8177192
0.8817114
0.26552507
0.13432491
0.16726443
0.15769973
0.29692933
0.3047939
0.37944955
0.833137
0.18415129
0.14537951
0.20628124
0.86734563
0.82305354
0.11208705
0.064497836
0.043768875
0.038535282
0.03672809
0.034780458
0.03705249
0.053821854
0.8842204
0.9186414
0.95146
0.9571426
0.9516542
0.87935674
0.87549627
0.0545227
0.039280187
0.05042946
0.07858034
0.051914737
0.057029124
0.104619436
0.11450911
0.07916519
0.08283895
0.10169749
0.7795421
0.8827777
0.76733273
0.7701201
0.8637978
0.7825755
0.7467673
0.86677873
0.2754842
0.29459828
0.88801837
0.0967028
0.04526181
0.039824933
0.037576497
0.039534234
0.051945362
0.06718618
0.862631
0.9004487
0.9316834
0.9064101
0.92237717
0.84869635
0.853614
0.92772347
0.89896333
0.078178376
0.07705246
0.05230909
0.03967461
0.040399645
0.05203083
0.07906724
0.7904217
0.39169905
0.24320763
0.8878544
0.11068623
0.07433274
0.059028722
0.060804773
0.09330203
0.87603784
0.12599988
0.10761645
0.12912633
0.914647
0.9300638
0.9506441
0.9115612
0.9416577
0.059877902
0.035919543
0.033235945
0.034666188
0.03915199
0.048887767
0.10460034
0.14263031
0.898358
0.1375095
0.117369354
0.08701671
0.110214286
0.8721186
0.9279912
0.8275714
0.8003967
0.095149
0.07953913
0.11193398
0.11687546
0.7305335
0.74134976
0.87465227
0.7784182
0.7450509
0.90400535
0.08655373
0.0509493
0.038792815
0.03499356
0.039946787
0.06915005
0.93411225
0.94929206
0.9058429
0.9082809
0.07427939
0.044786453
0.036530152
0.040305674
0.0786843
0.9325445
0.95445895
0.953692
0.07191055
0.035233367
0.03127717
0.033997875
0.052392203
0.9056767
0.9325864
0.95974696
0.9550264
0.06530649
0.03850388
0.04177802
0.058004346
0.110608
0.9164008
0.13083152
0.05965015
0.052028704
0.06346157
0.057841692
0.056453038
0.059326362
0.07198373
0.08550294
0.09053117
0.11501183
0.8271718
0.11397273
0.0656184
0.063175306
0.07432998
0.08385556
0.13415752
0.8274098
0.17122923
0.114947714
0.17028609
0.16260026
0.107649036
0.14486428
0.22549182
0.8003071
0.14415543
0.11089409
0.13753054
0.7781765
0.20660141
0.09290587
0.08692673
0.08455083
0.076771624
0.10002154
0.13772449
0.11564092
0.14819905
0.27517295
0.36964667
0.8809963
0.22360116
0.20859015
0.86777675
0.09815728
0.07799838
0.07504273
0.08117626
0.11370229
0.83084077
0.3341641
0.8581777
0.91679156
0.8433838
0.7896793
0.82334274
0.8806172
0.45862308
0.7918788
0.24461448
0.21543996
0.21936291
0.20806554
0.15513691
0.7208816
0.15548097
0.18483168
0.7209439
0.1872112
0.1685324
0.14229925
0.15921661
0.8044295
0.8973007
0.89033705
0.9012373
0.92069614
0.9201031
0.922458
0.9143764