0.7934343
0.7841527
0.787793
0.8512437
0.82244873
0.8784288
0.87025464
0.3238283
0.17673387
0.21313009
0.21055414
0.1653214
0.61808807
0.17176624
0.14744343
0.32653353
0.8967813
0.7991656
0.81080014
0.08462061
0.05670873
0.050080296
0.07284064
0.8657083
0.93268394
0.9289805
0.17276093
0.14030015
0.7913635
0.8615874
0.89373094
0.9182983
0.86678076
0.82440406
0.83726513
0.8951759
0.15350191
0.14625472
0.80267495
0.9117943
0.08404336
0.058317505
0.059494507
0.08811791
0.78396314
0.74645823
0.7789569
0.16537403
0.124220245
0.12467861
0.64314866
0.16874598
0.17253183
0.28673896
0.6813457
0.3695566
0.5733568
0.8258939
0.652713
0.23816533
0.1901325
0.19330043
0.21637192
0.55385154
0.33721396
0.2556204
0.23563378
0.5017733
0.27667674
0.267937
0.24614044
0.32508817
0.53064615
0.8524789
0.51019853
0.19098382
0.17662881
0.67164516
0.119205095
0.11480526
0.10161495
0.13493839
0.14768374
0.86991286
0.15103208
0.14085478
0.09090053
0.09713748
0.6717803
0.7085444
0.88076794
0.2787884
0.21666281
0.91193837
0.94986904
0.9482729
0.8840993
0.05073862
0.030913131
0.029103141
0.030888313
0.032168724
0.03513582
0.035298873
0.047275778
0.0662966
0.93214804
0.9542906
0.96641916
0.94623065
0.054347705
0.034833096
0.03058321
0.034531217
0.036691185
0.03789739
0.043301117
0.051913753
0.09419193
0.86038524
0.8449608
0.8523989
0.9005418
0.27412993
0.4042497
0.83613
0.90306354
0.782737
0.09777199
0.085234426
0.119796194
0.14577651
0.8994175
0.9258943
0.9141046
0.6921828
0.17710212
0.26644805
0.29774037
0.7163383
0.727219
0.1920173
0.09697905
0.10277342
0.6799894
0.13807142
0.12859054
0.7968051
0.9432507
0.2149177
0.06235612
0.054676592
0.056913916
0.041908737
0.042962167
0.04289912
0.042217087
0.047140528
0.08248839
0.8988528
0.18267734
0.16522692
0.92467487
0.9286536
0.86914414
0.86997896
0.057752404
0.036911987
0.034165397
0.040846787
0.08684881
0.9424733
0.9534185
0.9322994
0.118881695
0.04559509
0.044749286
0.057393417
0.08862971
0.06932347
0.11588749
0.8106638
0.7195884
0.1979705
0.17015564
0.79314864
0.9037993
0.89490867
0.1851769
0.1938756
0.29389918
0.77367866
0.8572887
0.3734767
0.30705866
0.26762715
0.5965975
0.6872124
0.8462324
0.85820246
0.3827917
0.24547233
0.36924493
0.22271039
0.26113153
0.64329946
0.14521512
0.11184778
0.10138241
0.1633242
0.2365707
0.528528
0.908677
0.9152879
0.74325174
0.5988447
0.60478634
0.6713823
0.72354
0.7538798
0.8156569
0.16587134
0.15343603
0.06658728
0.057114482
0.051621366
0.05871188
0.061431486
0.056394864
0.05757263
0.07120781
0.11709405
0.1292314
0.16360176
0.28254157
0.93149334
0.8882436
0.109445415
0.07518555
0.03987642
0.03486455
0.032602496
0.034194283
0.037836302
0.06064149
0.92359936
0.9566467
0.96308976
0.9564126
0.071300514
0.034531742
0.03311053
0.037498083
0.06354921
0.8466651
0.121800676
0.106148474
0.86752963
0.91683817
0.9404942
0.95202374
0.937908
0.11466351
0.122506574
0.8256751
0.08468194
0.046293657
0.045829102
0.0531179
0.10552869
0.8561319
0.86132556
0.093381226
0.048977897
0.044124454
0.04225135
0.05082451
0.051394757
0.09042661
0.21118684
0.9387606
0.9358772
0.8535026
0.13645968
0.08793351
0.12832914
0.08880709
0.05438899
0.05644268
0.060314666
0.06320448
0.11242216
0.18127489
0.8332295
0.3092014
0.14523637
0.15310396
0.14523272
0.24472536
0.19621545
0.36268705
0.30801767
0.42212608
0.24539317
0.6354699
0.17240843
0.16230595
0.20431805
0.61788154
0.21644726
0.1710432
0.16572453
0.6325761
0.7198388
0.85980135
0.910807
0.123333625
0.10041741
0.0804351
0.051037442
0.049645
0.07188011
0.056704972
0.06528465
0.09685679
0.88224
0.11827411
0.05800588
0.047557745
0.0630307
0.8666706
0.87703097
0.91857535
0.9457351
0.94933975
0.9422099
0.8709533
0.8671483
0.06988232
0.052535787
0.0648289
0.10017654
0.8776833
0.9263922
0.16612771
0.1458831
0.08562222
0.07046426
0.057799596
0.06276559
0.1164341
0.1667282
0.15175818
0.79819983
0.90579987
0.91234875
0.8123807
0.9215326
0.07706188
0.03977233
0.035151817
0.03387974
0.034041844
0.03377084
0.03709784
0.05445638
0.90775895
0.942023
0.9512783
0.94636726
0.8659996
0.76992023
0.83427644
0.13418452
0.1608389
0.8887538
0.0952194
0.08269986
0.04597974
0.050669983
0.048977233
0.04981742
0.04996212
0.052309897
0.044648673
0.058104444
0.059776977
0.22784896
0.9317626
0.91391516
0.8916299
0.89821446
0.92255336
0.84778655
0.81730676
0.82988197
0.098785415
0.067093164
0.09589239
0.07595535
0.13925448
0.13926023
0.8797029
0.78491795
0.7950105
0.8773071
0.5672877
0.4715241
0.7928576
0.11122905
0.08532656
0.14501029
0.09107873
0.09461314
0.11879112
0.20809586
0.844329
0.22327246
0.18131834
0.75625706
0.89545995
0.23921408
0.06729461
0.05581776
0.053493313
0.08321108
0.9015189
0.89664066
0.9082372
0.9254848
0.9035276
0.9207965
0.90802485
0.9220487
0.8640905
0.8537391
0.06555254
0.045390785
0.04723046
0.06656998
0.1512873
0.8713008
0.30759966
0.37564665
0.8274059
0.87226295