0.87653124
0.8952157
0.9102492
0.89576155
0.8055085
0.7748156
0.8741478
0.88861704
0.74799126
0.16173851
0.10979269
0.12718423
0.09342744
0.0784216
0.0631802
0.071529604
0.07403895
0.07382543
0.16528365
0.15631157
0.15001084
0.8239445
0.8566543
0.90696967
0.93828213
0.93904424
0.91187906
0.9043122
0.1154815
0.13561706
0.12749022
0.11271491
0.14179556
0.8745299
0.89900476
0.8028507
0.73878163
0.7186194
0.776444
0.869226
0.8749805
0.79174477
0.7773989
0.8572796
0.87030655
0.7925521
0.7342153
0.6954539
0.68229395
0.6310144
0.31316495
0.26382697
0.2603378
0.3419769
0.28807017
0.32356945
0.35236973
0.41794342
0.30903575
0.32552755
0.4885442
0.5105339
0.5395447
0.56740713
0.3883426
0.7285775
0.25881165
0.20725992
0.19010969
0.19129229
0.51308274
0.20047742
0.16210061
0.18782787
0.3153908
0.88239574
0.90459484
0.7972392
0.1059692
0.062829934
0.06118339
0.06761568
0.06464462
0.07620923
0.1121608
0.8930118
0.9070476
0.27378052
0.20082197
0.7312614
0.7826688
0.8173724
0.079935126
0.046993468
0.04391879
0.05144723
0.052738324
0.04801446
0.04571146
0.043756783
0.03960113
0.035705548
0.03805525
0.06030583
0.93226135
0.9512329
0.9549943
0.9599314
0.94843686
0.049891464
0.034550935
0.028540002
0.028975949
0.03444157
0.052963927
0.92545927
0.95642513
0.9630518
0.95305055
0.05128897
0.03039923
0.030895352
0.027708499
0.03339999
0.049006023
0.87004393
0.9084238
0.95033664
0.955476
0.9227159
0.9358564
0.055188917
0.034173153
0.034612626
0.041839857
0.08538297
0.8518358
0.8509953
0.90995365
0.821058
0.8126195
0.92041034
0.07748694
0.05392963
0.07911341
0.08992689
0.07811616
0.0457599
0.052267276
0.0653029
0.9157747
0.951297
0.95655507
0.945264
0.080669135
0.07803436
0.078442395
0.10318873
0.16900586
0.9205755
0.1430609
0.05337729
0.04607205
0.045239493
0.051751807
0.08897431
0.10359299
0.06851159
0.072505206
0.116294116
0.90148777
0.7920553
0.253918
0.3840542
0.81381994
0.10141337
0.06257444
0.057163853
0.07034638
0.07129249
0.10200626
0.15894051
0.2084209
0.10789963
0.09288375
0.14341813
0.14140636
0.171639
0.88777256
0.14256702
0.10187522
0.14719296
0.9152155
0.88921773
0.085204594
0.046549197
0.03585447
0.033892028
0.033829447
0.03460953
0.044577096
0.05949585
0.9086775
0.9282789
0.95269024
0.9577085
0.9535837
0.8921657
0.88638335
0.050665326
0.03779568
0.03381501
0.04741366
0.042036068
0.045866422
0.07098805
0.074968375
0.054904003
0.06157524
0.09386364
0.92707443
0.93316036
0.82655084
0.1373093
0.15939406
0.10616225
0.07687658
0.08573362
0.16187768
0.8018907
0.92143786
0.14234386
0.06762369
0.06655325
0.05534016
0.054851394
0.07270917
0.084988
0.84285814
0.8862427
0.9237393
0.89012146
0.9067303
0.82814395
0.8306504
0.90788496
0.86328655
0.10612952
0.1209963
0.08681751
0.06309379
0.09800393
0.08854425
0.105384655
0.79968125
0.9025866
0.8120245
0.9101495
0.10332687
0.07453995
0.059399232
0.060696732
0.09136448
0.8693504
0.12734622
0.11183007
0.1320848
0.9123753
0.9275065
0.9495725
0.9104724
0.94078416
0.0608903
0.03680175
0.034161083
0.035480224
0.0404372
0.051820263
0.116860904
0.15104532
0.8936018
0.15283756
0.13743979
0.1010516
0.12248546
0.8501159
0.92277724
0.8061081
0.78139067
0.098423935
0.082486145
0.123998255
0.12251294
0.7400796
0.12384622
0.14481065
0.1107663
0.12450668
0.863405
0.1557408
0.14150752
0.1779906
0.796139
0.7323386
0.31492645
0.90156376
0.94049966
0.9037777
0.9320918
0.08239011
0.0451571
0.03633049
0.038889233
0.07523792
0.92290455
0.95199287
0.9554855
0.90643734
0.053237468
0.03752943
0.035921637
0.051302884
0.9036944
0.9490665
0.95577514
0.9433027
0.06204908
0.040700328
0.04129082
0.06880577
0.9047835
0.94439346
0.9488016
0.096305326
0.04331035
0.04073633
0.057544474
0.059046153
0.091289
0.91848975
0.9274264
0.16540001
0.10544165
0.11143288
0.6610677
0.13765496
0.12416474
0.6544501
0.21822764
0.20758598
0.83260727
0.7207346
0.71806526
0.7621636
0.91198814
0.124755606
0.072456814
0.103566356
0.085490316
0.04643482
0.04139213
0.038737264
0.037801135
0.044238005
0.061593376
0.11978728
0.9231602
0.8977121
0.87738234
0.87370276
0.9171687
0.1062848
0.09548252
0.07155385
0.04953561
0.057188425
0.08725612
0.8011708
0.10107401
0.084983416
0.09560655
0.11915222
0.17833032
0.055698246
0.043368172
0.040495638
0.049409818
0.100955375
0.90819645
0.9133448
0.30926362
0.25414985
0.88716507
0.9132695
0.9318259
0.9264252
0.87217855
0.84698594
0.8738047
0.20156102
0.3106942
0.8376626
0.83098876
0.90898114
0.13857982
0.058073193
0.05496664
0.06006721
0.09483249
0.880555
0.85192764
0.9121627
0.91701204
0.8530718
0.9020687
0.40291294
0.08822856
0.07539314
0.05878747
0.06018947
0.06560021
0.072755165
0.099240474
0.1329256
0.29605964
0.19741607
0.31638408
0.5391408
0.52527934
0.2094835
0.23530082
0.13275294
0.11681671
0.14376937
0.17784569
0.15632512
0.13608305
0.15506612
0.35134476
0.26041853
0.3007933
0.83294517
0.758275
0.7084472
0.7093052
0.76296973
0.8093922